1:ItNr	2:Metric	3:StepSize	4:||Gradient||	Time[ms]
0	-0.006163	627.201626	0.001927	490.8
1	-0.956061	623.504937	0.014760	2.3
2	-0.000000	619.865785	0.000000	1.4
3	-0.519862	616.282728	0.006540	3.3
4	-0.996132	612.754375	0.019514	1.8
5	-0.965180	609.279381	0.025290	1.9
6	-0.382251	605.856447	0.017278	2.2
7	-0.002425	602.484317	0.000069	2.3
8	-1.199029	599.161779	0.008834	1.7
9	-0.059362	595.887656	0.002622	1.7
10	-0.918360	592.660813	0.032260	2.4
11	-0.666316	589.480151	0.014189	2.5
12	-1.073707	586.344606	0.023325	1.7
13	-1.036444	583.253145	0.012445	2.2
14	-0.323346	580.204771	0.005469	2.3
15	-0.631802	577.198517	0.015451	2.8
16	-1.011928	574.233444	0.022858	1.5
17	-0.022747	571.308645	0.001501	2.6
18	-0.422352	568.423237	0.017032	2.1
19	-0.662707	565.576365	0.010390	1.6
20	-0.826150	562.767201	0.014341	3.7
21	-0.744906	559.994938	0.010491	1.9
22	-0.609433	557.258797	0.010530	2.7
23	-0.000000	554.558018	0.000000	1.8
24	-0.000000	551.891865	0.000000	2.1
25	-0.762906	549.259621	0.014541	2.5
26	-0.513810	546.660592	0.016737	3.2
27	-0.441437	544.094102	0.001334	1.7
28	-0.000000	541.559494	0.000000	2.2
29	-0.016165	539.056129	0.002875	2.9
30	-0.924283	536.583387	0.016274	2.6
31	-1.040513	534.140663	0.026988	1.8
32	-0.652174	531.727370	0.026474	1.7
33	-0.286339	529.342935	0.002563	3.4
34	-0.000000	526.986802	0.000000	1.6
35	-0.715730	524.658430	0.025245	2.6
36	-0.001153	522.357290	0.000280	2.7
37	-0.857889	520.082868	0.024139	2.2
38	-0.748897	517.834665	0.027322	1.8
39	-0.926643	515.612193	0.012566	2.0
40	-0.663662	513.414976	0.032372	1.9
41	-0.963204	511.242551	0.015630	2.9
42	-0.517320	509.094468	0.012783	3.2
43	-0.883888	506.970285	0.015567	1.8
44	-0.983940	504.869574	0.028552	3.7
45	-0.000000	502.791916	0.000000	1.7
46	-0.017965	500.736903	0.001005	2.4
47	-0.418532	498.704137	0.008442	1.8
48	-0.000000	496.693228	0.000000	2.2
49	-0.957405	494.703798	0.044772	2.2
50	-0.400540	492.735476	0.018599	2.9
51	-0.000000	490.787900	0.000000	2.6
52	-0.825294	488.860718	0.026423	1.8
53	-0.566625	486.953585	0.018430	1.7
54	-0.848478	485.066164	0.032060	1.9
55	-0.000000	483.198126	0.000000	2.2
56	-1.270694	481.349149	0.016775	3.1
57	-0.978372	479.518920	0.013763	2.1
58	-0.014215	477.707132	0.001825	1.6
59	-0.561951	475.913485	0.003072	2.4
60	-0.017140	474.137684	0.001373	2.0
61	-0.929897	472.379445	0.023767	2.4
62	-0.044964	470.638485	0.001976	1.5
63	-1.079424	468.914531	0.043398	2.9
64	-0.886256	467.207315	0.015715	2.9
65	-0.000000	465.516573	0.000000	3.1
66	-1.112209	463.842050	0.031214	2.0
67	-0.680805	462.183494	0.026234	2.1
68	-0.446131	460.540658	0.021242	3.3
69	-1.035517	458.913303	0.031894	1.5
70	-0.595071	457.301192	0.010795	3.1
71	-0.530471	455.704096	0.042974	1.8
72	-1.011322	454.121787	0.027919	2.4
73	-0.789098	452.554045	0.013385	2.5
74	-0.216951	451.000653	0.001150	1.6
75	-0.919251	449.461399	0.010349	2.7
76	-1.126387	447.936075	0.011558	1.9
77	-0.564983	446.424477	0.009161	2.0
78	-0.338239	444.926406	0.001987	2.7
79	-0.180371	443.441666	0.007974	2.9
80	-0.000000	441.970065	0.000000	2.9
81	-0.000000	440.511415	0.000000	2.6
82	-1.186292	439.065533	0.032500	2.7
83	-0.854433	437.632238	0.010617	1.8
84	-0.997951	436.211351	0.008749	2.2
85	-0.000000	434.802701	0.000000	1.7
86	-0.844208	433.406117	0.013428	2.1
87	-0.848360	432.021430	0.012137	2.3
88	-0.713457	430.648479	0.006697	2.4
89	-0.000000	429.287101	0.000000	1.6
90	-0.554636	427.937140	0.024569	2.1
91	-0.003481	426.598440	0.001028	2.6
92	-1.062939	425.270849	0.017967	2.5
93	-0.000063	423.954220	0.000023	1.7
94	-0.667713	422.648404	0.035706	1.9
95	-0.757639	421.353259	0.021712	2.1
96	-0.296685	420.068643	0.001680	2.8
97	-0.148567	418.794419	0.005107	2.4
98	-1.072088	417.530451	0.010179	1.7
99	-0.392195	416.276604	0.002915	2.8
100	-0.595519	415.032748	0.005499	2.5
101	-0.724139	413.798754	0.009088	2.9
102	-0.990713	412.574495	0.042906	2.9
103	-0.719114	411.359849	0.024109	2.9
104	-0.000049	410.154691	0.000012	3.2
105	-0.893358	408.958904	0.022851	2.6
106	-0.886669	407.772368	0.018625	1.8
107	-0.876742	406.594968	0.044113	2.2
108	-0.897736	405.426590	0.028399	2.8
109	-0.781725	404.267122	0.034577	3.1
110	-1.068562	403.116456	0.028689	2.8
111	-0.897519	401.974481	0.010310	1.8
112	-0.045850	400.841093	0.003229	2.9
113	-0.138939	399.716187	0.000680	1.6
114	-0.949091	398.599660	0.017048	3.1
115	-0.417524	397.491411	0.004146	2.7
116	-0.000000	396.391342	0.000000	1.5
117	-1.052288	395.299353	0.014363	2.4
118	-0.389455	394.215350	0.004648	2.2
119	-0.035419	393.139238	0.001739	2.8
120	-0.074601	392.070924	0.002136	2.8
121	-0.166092	391.010316	0.002319	2.8
122	-1.123554	389.957325	0.017597	2.6
123	-0.642826	388.911862	0.009103	2.5
124	-0.000000	387.873839	0.000000	1.6
125	-0.943167	386.843173	0.024026	2.0
126	-1.104261	385.819777	0.047211	2.8
127	0.000000	384.803569	0.000000	2.6
128	-0.310145	383.794468	0.004435	2.8
129	-0.000000	382.792393	0.000000	1.5
130	-0.237724	381.797264	0.005941	2.8
131	-0.201858	380.809005	0.002125	2.7
132	-0.000000	379.827537	0.000000	2.4
133	-0.664767	378.852786	0.003924	1.8
134	-0.169936	377.884678	0.004511	1.6
135	-0.410669	376.923138	0.019936	2.1
136	-0.837867	375.968095	0.046537	2.6
137	-0.215811	375.019479	0.003030	2.7
138	-0.649635	374.077218	0.018411	2.6
139	-0.834449	373.141244	0.034953	1.8
140	-0.241913	372.211489	0.007933	1.8
141	-0.958186	371.287887	0.011116	2.1
142	-0.633333	370.370370	0.010276	3.0
143	-0.866145	369.458876	0.022630	1.4
144	-1.055053	368.553338	0.014218	3.4
145	-0.000000	367.653696	0.000000	2.7
146	-0.997636	366.759885	0.014025	1.6
147	-0.000000	365.871846	0.000000	3.5
148	-0.000008	364.989518	0.000003	2.3
149	-0.847320	364.112841	0.010689	1.7
150	-1.212111	363.241757	0.013557	2.8
151	-0.432739	362.376208	0.009621	2.9
152	-0.831811	361.516137	0.014691	2.6
153	-0.000000	360.661488	0.000000	2.6
154	-0.887886	359.812206	0.013201	1.6
155	-0.000000	358.968236	0.000000	3.2
156	-1.074925	358.129524	0.017480	2.5
157	-0.559181	357.296018	0.017727	1.8
158	-0.000000	356.467665	0.000000	1.7
159	-1.004709	355.644414	0.033025	2.9
160	-1.031976	354.826213	0.011721	2.2
161	-0.957750	354.013012	0.037032	2.6
162	-0.555160	353.204763	0.003322	2.8
163	-0.032712	352.401415	0.002605	2.6
164	-0.869824	351.602922	0.014308	3.2
165	-0.021401	350.809235	0.001611	1.8
166	-1.069741	350.020308	0.011930	2.3
167	-0.593190	349.236095	0.002363	1.9
168	-0.000000	348.456550	0.000000	2.2
169	-0.116767	347.681627	0.003796	2.8
170	-1.028848	346.911283	0.020969	1.5
171	-0.000000	346.145474	0.000000	2.8
172	-1.188569	345.384157	0.010837	1.8
173	-0.708281	344.627288	0.009765	2.8
174	-1.039014	343.874826	0.019183	1.8
175	-0.823589	343.126729	0.008777	2.9
176	-0.000000	342.382957	0.000000	2.7
177	-0.623183	341.643469	0.006368	2.3
178	-1.198380	340.908224	0.015435	1.9
179	-0.236930	340.177184	0.004687	2.5
180	-0.851056	339.450309	0.036359	2.7
181	-1.160017	338.727561	0.038371	1.6
182	-0.772100	338.008902	0.011015	3.2
183	-0.000001	337.294295	0.000000	1.6
184	-0.750344	336.583703	0.024846	1.6
185	-0.180651	335.877089	0.001918	3.1
186	-0.074450	335.174416	0.003097	2.9
187	-1.367635	334.475651	0.036999	3.3
188	-0.000000	333.780756	0.000000	1.4
189	-0.934460	333.089698	0.015232	2.0
190	-1.224989	332.402443	0.015329	2.0
191	-0.448926	331.718955	0.003788	1.6
192	-0.000000	331.039203	0.000000	1.5
193	-0.763545	330.363153	0.009316	2.4
194	-0.951055	329.690771	0.025932	1.8
195	-0.553025	329.022027	0.017510	1.9
196	-0.017570	328.356888	0.001346	2.1
197	-0.000000	327.695322	0.000000	1.5
198	-0.001190	327.037299	0.000237	2.0
199	-0.805580	326.382787	0.013807	2.5
200	-0.577367	325.731758	0.012218	2.9
201	-0.259461	325.084179	0.003382	1.9
202	-0.977507	324.440023	0.032816	1.8
203	-0.063042	323.799258	0.000389	2.4
204	-0.757574	323.161858	0.015666	3.4
205	-0.950483	322.527792	0.017915	3.1
206	-0.000228	321.897034	0.000074	1.9
207	-0.000000	321.269554	0.000000	1.5
208	-0.000000	320.645325	0.000000	2.9
209	-0.829939	320.024320	0.011392	1.4
210	-0.132938	319.406512	0.001269	2.9
211	-0.921503	318.791875	0.029426	1.4
212	-0.880541	318.180381	0.013016	3.2
213	-0.358871	317.572005	0.005970	2.2
214	-0.038635	316.966721	0.002267	2.6
215	-1.104819	316.364504	0.028623	1.4
216	-0.170481	315.765329	0.004441	3.5
217	-0.000000	315.169170	0.000000	1.6
218	-0.000000	314.576003	0.000000	2.6
219	-1.200759	313.985804	0.026463	1.9
220	-1.056264	313.398548	0.016968	2.0
221	-1.203916	312.814213	0.026600	2.5
222	-0.000020	312.232773	0.000005	1.8
223	-0.000000	311.654207	0.000000	1.8
224	-1.017382	311.078491	0.023727	1.5
225	-0.000673	310.505602	0.000188	2.3
226	-0.000000	309.935518	0.000000	1.6
227	-1.056626	309.368217	0.036655	2.7
228	-0.810853	308.803676	0.019361	1.4
229	-1.152081	308.241874	0.038330	2.6
230	-0.797184	307.682789	0.029698	1.8
231	-1.126867	307.126400	0.028221	1.8
232	-0.134394	306.572687	0.002108	2.4
233	-0.862934	306.021627	0.025678	1.3
234	-0.355099	305.473201	0.006579	2.8
235	-0.345864	304.927388	0.001461	2.6
236	-0.655100	304.384168	0.019048	1.5
237	-0.000000	303.843521	0.000000	2.6
238	-0.000000	303.305427	0.000000	2.0
239	-0.079888	302.769867	0.001121	1.3
240	-0.874524	302.236821	0.023184	2.7
241	-0.000001	301.706270	0.000000	1.7
242	-1.107869	301.178196	0.008254	3.2
243	-0.651281	300.652580	0.010388	1.7
244	-1.085926	300.129402	0.033763	2.5
245	-0.336336	299.608645	0.001791	2.3
246	-0.611177	299.090291	0.008203	1.5
247	-1.009535	298.574321	0.036885	2.1
248	-1.077849	298.060718	0.055999	1.8
249	-0.372436	297.549465	0.013332	1.5
250	-0.000304	297.040543	0.000080	2.5
251	-0.169053	296.533936	0.009563	1.8
252	-0.901940	296.029626	0.008207	2.4
253	-0.483127	295.527597	0.020098	2.4
254	-0.797773	295.027832	0.007643	1.6
255	-0.000000	294.530315	0.000000	2.1
256	-1.124411	294.035028	0.026063	3.1
257	-0.076174	293.541956	0.002414	1.6
258	-0.013981	293.051083	0.000849	2.6
259	-0.610884	292.562393	0.006907	2.9
260	-0.000000	292.075870	0.000000	2.3
261	-0.683432	291.591498	0.004204	2.0
262	-1.034603	291.109263	0.015185	1.6
263	-0.888432	290.629149	0.021158	2.8
264	-0.990271	290.151140	0.025334	2.4
265	-1.082042	289.675222	0.007751	1.5
266	-1.087738	289.201380	0.052622	3.0
267	-0.001591	288.729600	0.000172	2.2
268	-0.756308	288.259866	0.006990	1.8
269	-0.350994	287.792165	0.010967	2.4
270	-0.743429	287.326481	0.022709	2.8
271	-0.751356	286.862802	0.021340	2.6
272	-0.222738	286.401113	0.000580	2.7
273	-0.531062	285.941400	0.024495	2.1
274	-0.758602	285.483649	0.003644	1.7
275	-0.599625	285.027847	0.007415	2.9
276	-0.037421	284.573981	0.001725	2.1
277	-0.996461	284.122037	0.021486	2.6
278	-0.844143	283.672002	0.020047	1.6
279	-0.181081	283.223863	0.006150	2.3
280	-1.169000	282.777607	0.016119	2.3
281	-0.000558	282.333221	0.000108	1.6
282	-0.000000	281.890692	0.000000	2.6
283	-0.963895	281.450008	0.049030	2.1
284	-0.786374	281.011157	0.021603	2.2
285	-1.132917	280.574125	0.031600	2.9
286	-0.681244	280.138901	0.025751	2.8
287	-0.000000	279.705473	0.000000	2.0
288	-0.862527	279.273829	0.011152	1.4
289	-0.961657	278.843956	0.022006	2.6
290	-0.000000	278.415844	0.000000	1.1
291	-0.628051	277.989479	0.015896	3.0
292	-0.278198	277.564851	0.006830	1.6
293	-0.977023	277.141949	0.014645	3.5
294	-1.288622	276.720761	0.021141	2.2
295	-0.000518	276.301275	0.000129	2.3
296	-0.680719	275.883480	0.021049	1.5
297	-0.464395	275.467366	0.003787	2.8
298	-0.675392	275.052922	0.012399	2.4
299	-0.429773	274.640136	0.008946	1.6
300	-1.062324	274.228998	0.020900	2.1
301	-1.180538	273.819497	0.014518	2.4
302	-0.933176	273.411623	0.016156	2.9
303	-0.923294	273.005365	0.021167	1.9
304	-0.005572	272.600712	0.000455	2.1
305	-0.810104	272.197655	0.018134	1.5
306	-1.293367	271.796184	0.010348	2.1
307	-1.241421	271.396287	0.019389	2.2
308	-0.001692	270.997956	0.000585	1.7
309	-0.848517	270.601180	0.008862	2.0
310	-0.000000	270.205949	0.000000	2.4
311	-0.000906	269.812254	0.000302	1.5
312	-0.539492	269.420085	0.018339	2.2
313	-0.074850	269.029432	0.002341	2.1
314	-0.319236	268.640287	0.006478	2.5
315	-0.765103	268.252638	0.023710	2.8
316	-0.681856	267.866478	0.011965	1.5
317	-1.039568	267.481796	0.013992	3.1
318	-1.170377	267.098584	0.014009	2.1
319	-0.970079	266.716833	0.024834	1.6
320	-0.000000	266.336533	0.000000	1.6
321	-0.497631	265.957676	0.007816	2.1
322	-0.000000	265.580253	0.000000	1.9
323	-0.257559	265.204254	0.004929	1.5
324	0.000000	264.829672	0.000000	2.5
325	-0.326935	264.456497	0.014037	2.2
326	-0.000000	264.084721	0.000000	1.4
327	-1.112450	263.714335	0.014553	3.1
328	-0.204488	263.345332	0.003592	3.0
329	-0.880002	262.977702	0.029110	1.6
330	-0.000000	262.611438	0.000000	3.1
331	-0.452952	262.246531	0.007560	1.5
332	-0.806427	261.882973	0.039361	2.1
333	-0.527495	261.520756	0.008376	2.5
334	-0.000000	261.159871	0.000000	3.2
335	-0.339210	260.800312	0.004379	1.4
336	-0.794047	260.442070	0.022594	3.5
337	-0.835627	260.085137	0.012907	1.3
338	-0.954202	259.729505	0.037617	3.0
339	-0.675341	259.375167	0.020817	2.5
340	-1.085028	259.022116	0.010978	3.2
341	-0.771215	258.670343	0.015624	1.5
342	-0.000000	258.319841	0.000000	2.9
343	-1.268018	257.970602	0.024282	1.9
344	-0.000000	257.622620	0.000000	2.3
345	-0.803078	257.275887	0.020227	1.7
346	-0.967674	256.930396	0.010116	2.5
347	-1.116092	256.586139	0.042058	1.7
348	-0.000000	256.243109	0.000000	1.4
349	-1.076993	255.901300	0.031307	2.6
350	-1.000236	255.560703	0.025032	2.6
351	-1.198509	255.221313	0.009522	1.4
352	-0.338921	254.883122	0.014132	3.4
353	-0.886587	254.546124	0.006775	1.6
354	-1.162234	254.210311	0.035918	2.0
355	-0.000040	253.875677	0.000011	2.0
356	-0.066413	253.542215	0.004361	2.4
357	-1.160133	253.209918	0.020841	2.2
358	-0.653721	252.878781	0.019849	2.1
359	-0.000000	252.548795	0.000000	1.6
360	-0.649961	252.219956	0.010159	2.1
361	-0.608732	251.892255	0.008701	1.3
362	-0.000003	251.565688	0.000001	2.8
363	-1.073078	251.240247	0.011294	1.5
364	-0.176256	250.915926	0.004461	3.3
365	-0.422762	250.592720	0.006884	2.6
366	-0.033227	250.270621	0.000874	1.7
367	-1.040850	249.949624	0.053318	1.7
368	-0.566548	249.629723	0.009151	2.0
369	-1.107931	249.310911	0.012177	2.1
370	-0.000000	248.993182	0.000000	2.9
371	-0.580532	248.676531	0.015371	1.8
372	-0.000000	248.360952	0.000000	1.4
373	-0.760183	248.046438	0.011883	2.5
374	-1.159080	247.732984	0.017141	2.8
375	-1.284248	247.420584	0.040140	1.6
376	-0.500076	247.109233	0.003663	2.4
377	-0.000000	246.798924	0.000000	2.1
378	-0.906964	246.489652	0.008971	1.4
379	-0.000000	246.181412	0.000000	2.5
380	-0.608200	245.874197	0.018271	1.4
381	-1.061051	245.568002	0.019883	1.9
382	-1.375019	245.262822	0.015520	2.3
383	-0.035520	244.958652	0.003056	2.0
384	-1.221898	244.655485	0.034532	1.5
385	-0.541123	244.353317	0.010097	2.1
386	-0.000000	244.052142	0.000000	2.0
387	-0.180010	243.751955	0.000870	2.1
388	-0.000014	243.452750	0.000004	1.7
389	-0.000000	243.154523	0.000000	2.4
390	-0.572183	242.857268	0.011928	1.5
391	-1.171175	242.560980	0.050225	2.4
392	-0.893572	242.265654	0.020113	1.7
393	-0.000038	241.971285	0.000012	1.5
394	-0.999840	241.677868	0.015074	3.2
395	-0.942793	241.385397	0.006724	2.2
396	-0.909764	241.093869	0.010701	2.2
397	-0.000000	240.803278	0.000000	2.6
398	-1.041452	240.513619	0.011756	1.5
399	-0.000029	240.224887	0.000011	3.5
400	-0.000186	239.937077	0.000063	2.0
401	-0.000054	239.650186	0.000011	2.6
402	-0.000000	239.364207	0.000000	2.4
403	-0.091458	239.079136	0.007213	1.9
404	-1.262076	238.794969	0.033263	2.6
405	-0.949344	238.511701	0.037997	3.0
406	-0.547686	238.229327	0.007512	2.6
407	0.000000	237.947843	0.000000	1.2
408	-0.122676	237.667244	0.002060	2.5
409	-1.082566	237.387526	0.025215	2.3
410	-0.868732	237.108684	0.028516	1.6
411	-0.000000	236.830714	0.000000	3.2
412	-1.131520	236.553610	0.019619	2.2
413	-0.589122	236.277370	0.010945	1.9
414	-0.865433	236.001989	0.024698	2.2
415	-1.195622	235.727461	0.012777	2.2
416	-0.768598	235.453784	0.010263	3.0
417	-0.736576	235.180952	0.017435	1.3
418	-0.407530	234.908962	0.003036	3.2
419	-0.782232	234.637809	0.020109	1.5
420	-0.869463	234.367488	0.008547	2.6
421	-1.009460	234.097997	0.026233	1.7
422	-1.093475	233.829331	0.011094	1.5
423	-0.987423	233.561485	0.021236	2.8
424	-0.479153	233.294456	0.004400	1.8
425	-1.110130	233.028239	0.046451	1.9
426	-0.924297	232.762831	0.011353	2.4
427	-0.000000	232.498228	0.000000	1.3
428	-0.684829	232.234425	0.011666	1.9
429	-1.076708	231.971419	0.023381	2.4
430	-1.003387	231.709205	0.014442	2.8
431	-0.502248	231.447781	0.007829	1.5
432	-1.076937	231.187141	0.026259	2.7
433	-0.020497	230.927283	0.001001	2.6
434	-0.721097	230.668202	0.010054	1.3
435	-0.000000	230.409895	0.000000	2.1
436	-0.000001	230.152358	0.000001	1.3
437	-0.422197	229.895587	0.006319	1.8
438	-1.045783	229.639578	0.031073	1.6
439	-0.955661	229.384329	0.015161	2.7
440	-0.018191	229.129834	0.002042	2.4
441	-0.916332	228.876091	0.019229	3.1
442	-0.000000	228.623096	0.000000	1.2
443	-0.468020	228.370846	0.013940	2.2
444	-0.000002	228.119336	0.000001	2.0
445	-0.000000	227.868563	0.000000	2.3
446	-0.622103	227.618525	0.004079	1.5
447	-1.044261	227.369216	0.005600	2.7
448	-0.896557	227.120635	0.016612	1.9
449	-0.006108	226.872777	0.000245	1.4
450	-0.130993	226.625638	0.002985	2.9
451	-1.074017	226.379217	0.033751	1.7
452	-0.486278	226.133509	0.002649	2.7
453	-0.000000	225.888510	0.000000	1.5
454	-0.000000	225.644218	0.000000	1.9
455	-0.068489	225.400630	0.001940	1.7
456	-1.075318	225.157741	0.032724	1.8
457	-0.261405	224.915549	0.006858	1.9
458	-0.041377	224.674051	0.001329	2.6
459	-0.923235	224.433242	0.028493	2.3
460	-0.421039	224.193121	0.007794	1.6
461	-0.000000	223.953684	0.000000	1.9
462	-1.177930	223.714927	0.028049	1.9
463	-0.794697	223.476848	0.007892	2.4
464	-0.718621	223.239444	0.011811	1.6
465	-0.713637	223.002710	0.010229	2.2
466	-1.149271	222.766645	0.010557	2.2
467	-0.921500	222.531245	0.013566	2.1
468	-1.086332	222.296508	0.009378	2.2
469	-0.905298	222.062429	0.013446	1.7
470	-0.987516	221.829007	0.013141	2.6
471	-1.370917	221.596238	0.021139	2.4
472	-0.388681	221.364119	0.004785	1.4
473	-0.259860	221.132647	0.005843	2.3
474	-0.978163	220.901820	0.009191	1.6
475	-0.000000	220.671634	0.000000	1.9
476	-1.126870	220.442086	0.016634	2.2
477	-0.668056	220.213174	0.025007	2.0
478	-0.574140	219.984895	0.006963	2.5
479	-0.989545	219.757246	0.009450	2.0
480	-1.193004	219.530224	0.028688	1.9
481	-0.718865	219.303826	0.011890	1.9
482	-1.092478	219.078050	0.012379	2.5
483	-0.000000	218.852893	0.000000	2.8
484	-1.252083	218.628352	0.023734	1.5
485	-1.107595	218.404424	0.013070	2.3
486	-1.182577	218.181106	0.028083	2.8
487	-0.826019	217.958397	0.009867	2.0
488	-0.000031	217.736292	0.000011	1.8
489	-1.175588	217.514790	0.021650	2.5
490	-0.656942	217.293888	0.022701	1.6
491	-1.182094	217.073584	0.027108	2.5
492	-0.001577	216.853873	0.000251	1.7
493	-0.000000	216.634755	0.000000	1.5
494	-1.031705	216.416227	0.026684	2.7
495	-0.095776	216.198285	0.002777	2.6
496	-0.000000	215.980927	0.000000	1.4
497	-0.443588	215.764151	0.009799	3.1
498	-0.000045	215.547955	0.000013	1.8
499	-0.012395	215.332335	0.002351	1.7
500	-0.827867	215.117289	0.016817	2.2
501	-0.990409	214.902815	0.011352	1.6
502	-0.977541	214.688911	0.009906	2.7
503	-1.035904	214.475573	0.009263	1.4
504	-0.004619	214.262800	0.000866	2.3
505	-1.054183	214.050588	0.020250	3.1
506	-0.785774	213.838936	0.021327	1.6
507	-0.000065	213.627842	0.000027	3.0
508	-0.043455	213.417302	0.001926	1.4
509	-0.519939	213.207314	0.001541	2.5
510	-1.020818	212.997877	0.018912	1.7
511	-1.004135	212.788987	0.018242	2.1
512	-0.037802	212.580642	0.003579	1.7
513	-0.711235	212.372841	0.011299	1.9
514	-0.046359	212.165581	0.003757	2.4
515	-0.000000	211.958859	0.000000	1.7
516	-0.847742	211.752673	0.017274	1.6
517	-1.197979	211.547021	0.015600	2.3
518	-0.442171	211.341902	0.004780	1.6
519	-0.823457	211.137311	0.010905	1.7
520	-0.968846	210.933248	0.010800	1.7
521	-0.042208	210.729710	0.001896	1.4
522	-0.000000	210.526695	0.000000	2.7
523	-1.103509	210.324200	0.021585	1.5
524	-1.208492	210.122224	0.036331	2.4
525	-1.214717	209.920765	0.030935	2.0
526	-0.596238	209.719820	0.022666	1.8
527	-1.108899	209.519387	0.006799	2.4
528	-0.000000	209.319463	0.000000	1.6
529	-1.000661	209.120048	0.030636	2.9
530	-0.664689	208.921139	0.018210	3.0
531	-0.195227	208.722733	0.007303	2.8
532	-0.809697	208.524829	0.009566	2.8
533	-1.061546	208.327425	0.034319	1.4
534	-1.310284	208.130518	0.030553	2.1
535	-0.028892	207.934107	0.001525	2.6
536	-0.000000	207.738189	0.000000	3.0
537	-0.000000	207.542762	0.000000	2.1
538	-0.742693	207.347825	0.017791	2.9
539	-0.033501	207.153376	0.003075	2.4
540	-0.073982	206.959412	0.002526	2.7
541	-0.587910	206.765932	0.007412	1.5
542	-0.005222	206.572933	0.000469	2.8
543	-0.461856	206.380414	0.002154	3.1
544	-0.000000	206.188373	0.000000	1.1
545	-1.174317	205.996807	0.011304	2.9
546	-0.883965	205.805716	0.007289	1.5
547	-0.000000	205.615096	0.000000	2.3
548	-0.799742	205.424946	0.013773	1.8
549	-1.019432	205.235265	0.024065	1.8
550	-0.714313	205.046050	0.024934	2.6
551	-0.864510	204.857299	0.016535	2.8
552	-1.118553	204.669011	0.021286	1.8
553	-1.204836	204.481184	0.012822	2.0
554	-1.196806	204.293816	0.019435	2.3
555	-0.240569	204.106905	0.008321	3.2
556	-0.619644	203.920449	0.005991	1.7
557	-1.009966	203.734447	0.016874	2.7
558	-0.000000	203.548896	0.000000	1.9
559	-0.000000	203.363795	0.000000	2.0
560	-0.579869	203.179143	0.013102	2.0
561	-1.259903	202.994937	0.010700	1.6
562	-0.974777	202.811176	0.016451	2.7
563	-1.042049	202.627857	0.023585	1.4
564	-1.057080	202.444980	0.016786	2.9
565	-0.253441	202.262543	0.004792	2.3
566	-1.192765	202.080543	0.011957	1.8
567	-1.368201	201.898979	0.012275	2.3
568	-0.006604	201.717849	0.001055	2.7
569	-1.059590	201.537153	0.019694	1.4
570	-0.839122	201.356887	0.014727	2.5
571	-0.892149	201.177050	0.014434	2.5
572	-0.015424	200.997642	0.001568	1.4
573	-0.000031	200.818659	0.000010	1.8
574	-0.815075	200.640100	0.009811	1.6
575	-0.000000	200.461965	0.000000	2.4
576	-0.000012	200.284250	0.000003	1.4
577	-0.742033	200.106955	0.004822	2.1
578	-0.593990	199.930078	0.008628	2.5
579	-0.838928	199.753617	0.005318	1.5
580	-0.003496	199.577571	0.000244	2.5
581	0.000000	199.401938	0.000000	1.2
582	-0.881834	199.226717	0.013263	1.8
583	-1.053827	199.051905	0.016086	1.6
584	-0.077533	198.877502	0.001938	2.5
585	-0.000000	198.703506	0.000000	2.6
586	-0.687550	198.529916	0.003758	3.2
587	-1.366112	198.356729	0.035247	1.5
588	-0.061870	198.183944	0.001810	2.1
589	-0.671478	198.011560	0.007541	2.2
590	-1.392072	197.839576	0.021047	1.7
591	-1.114718	197.667989	0.015707	1.9
592	-0.000000	197.496798	0.000000	2.5
593	-0.000000	197.326002	0.000000	1.8
594	-0.000000	197.155600	0.000000	1.3
595	-0.552153	196.985589	0.004944	2.3
596	-0.000000	196.815969	0.000000	1.3
597	-0.205660	196.646738	0.008351	3.5
598	-1.107352	196.477894	0.023464	1.4
599	-0.129107	196.309436	0.002283	3.3
600	-0.187679	196.141363	0.003870	1.6
601	-0.046622	195.973673	0.000371	3.1
602	-0.563710	195.806365	0.005173	2.3
603	-0.714070	195.639437	0.014283	1.5
604	-1.233272	195.472888	0.025009	2.9
605	-0.753215	195.306717	0.013165	2.7
606	-1.111464	195.140922	0.029149	1.9
607	-0.000000	194.975501	0.000000	1.6
608	-0.973091	194.810454	0.016964	2.2
609	-0.248428	194.645779	0.008085	2.5
610	-0.879432	194.481475	0.012321	2.4
611	-0.179571	194.317540	0.006126	3.0
612	-0.000000	194.153973	0.000000	1.5
613	-0.431806	193.990773	0.005659	2.7
614	-0.356860	193.827938	0.007297	2.0
615	-0.843807	193.665467	0.020540	1.5
616	-0.524712	193.503358	0.002456	2.2
617	-0.000000	193.341611	0.000000	2.3
618	-0.889051	193.180224	0.013163	1.5
619	-0.058573	193.019196	0.001698	2.4
620	-0.798441	192.858525	0.010466	1.7
621	-0.797600	192.698210	0.027871	1.8
622	-0.788398	192.538251	0.016763	2.1
623	-1.108575	192.378644	0.021671	2.1
624	-0.000000	192.219391	0.000000	2.8
625	-1.226881	192.060488	0.021943	1.4
626	-1.144842	191.901935	0.022639	3.2
627	-0.000000	191.743730	0.000000	1.9
628	-1.147426	191.585873	0.043851	1.7
629	-0.127688	191.428362	0.008808	1.7
630	-1.027766	191.271196	0.024062	2.6
631	-0.965583	191.114374	0.016684	1.7
632	-0.909918	190.957893	0.017277	2.4
633	-0.919354	190.801755	0.006941	1.4
634	-1.111035	190.645956	0.024843	2.0
635	-0.366251	190.490495	0.006434	2.5
636	-0.533016	190.335373	0.012906	1.8
637	-0.910257	190.180587	0.008336	2.0
638	-0.153015	190.026136	0.000965	1.7
639	-0.453484	189.872019	0.009388	2.1
640	-0.000000	189.718235	0.000000	2.4
641	-0.863850	189.564782	0.013496	1.6
642	-0.000000	189.411661	0.000000	2.1
643	-0.905534	189.258868	0.009694	2.7
644	-0.000000	189.106404	0.000000	2.5
645	-1.345655	188.954267	0.014975	1.3
646	-0.000730	188.802456	0.000189	3.1
647	-0.882131	188.650969	0.014044	2.0
648	-0.012417	188.499807	0.001980	2.5
649	-0.069670	188.348967	0.002921	3.1
650	-1.210943	188.198448	0.043349	2.7
651	-1.336057	188.048250	0.016155	1.9
652	-1.155659	187.898371	0.023089	1.7
653	-0.000000	187.748810	0.000000	1.8
654	-0.730277	187.599566	0.015066	2.3
655	-0.493454	187.450638	0.007462	1.9
656	-0.805404	187.302025	0.008423	2.1
657	-1.043395	187.153725	0.021342	2.5
658	-0.475771	187.005739	0.006806	2.9
659	-0.850835	186.858064	0.013516	3.0
660	-0.936815	186.710699	0.016343	3.1
661	-0.000000	186.563645	0.000000	2.6
662	-1.062152	186.416898	0.009601	2.9
663	-1.184316	186.270459	0.009382	2.3
664	-1.249091	186.124326	0.017910	1.4
665	-1.092213	185.978499	0.011153	2.2
666	-0.993083	185.832976	0.048520	1.7
667	-1.331207	185.687756	0.007444	1.8
668	-1.322810	185.542838	0.012270	2.9
669	-0.000000	185.398222	0.000000	1.4
670	-0.000001	185.253906	0.000000	1.7
671	-0.097788	185.109889	0.004098	3.0
672	-1.166534	184.966170	0.014999	1.7
673	-0.321415	184.822748	0.003596	2.6
674	-0.713051	184.679623	0.010390	1.8
675	-0.000000	184.536792	0.000000	3.5
676	-0.000000	184.394256	0.000000	1.5
677	-0.763799	184.252013	0.023539	2.4
678	-0.000018	184.110062	0.000009	1.8
679	-0.656682	183.968403	0.010705	1.6
680	-1.170331	183.827034	0.016552	2.0
681	-0.059081	183.685954	0.002187	1.7
682	-0.795886	183.545163	0.007430	2.5
683	-0.081941	183.404658	0.004410	2.5
684	-0.672012	183.264441	0.010164	3.0
685	-1.358952	183.124509	0.010732	1.9
686	-0.977866	182.984861	0.014132	1.6
687	-0.044986	182.845497	0.001849	1.9
688	-0.654807	182.706416	0.013281	1.5
689	-0.420519	182.567616	0.006376	2.7
690	-1.064115	182.429098	0.005028	2.6
691	-0.000172	182.290859	0.000037	2.9
692	-0.000000	182.152899	0.000000	1.4
693	-0.322465	182.015217	0.002549	2.8
694	-0.755540	181.877813	0.008011	2.3
695	-0.818051	181.740684	0.007946	1.6
696	-0.763426	181.603832	0.003998	2.9
697	-0.693277	181.467253	0.009672	2.3
698	-0.000000	181.330948	0.000000	1.6
699	-0.574689	181.194916	0.007149	2.7
700	-0.712571	181.059155	0.012720	2.0
701	-0.000047	180.923666	0.000015	2.1
702	-1.000894	180.788446	0.005409	2.0
703	-0.777038	180.653496	0.020920	1.9
704	-0.713302	180.518814	0.009948	3.1
705	-0.832834	180.384399	0.010904	1.6
706	-0.683426	180.250251	0.002750	2.6
707	-0.319111	180.116369	0.003340	1.6
708	-1.185574	179.982752	0.011726	1.6
709	-1.031557	179.849398	0.026892	2.2
710	-1.384197	179.716308	0.025086	2.2
711	-0.733638	179.583480	0.011052	2.4
712	-0.810099	179.450913	0.011640	1.7
713	-0.910575	179.318607	0.034040	2.0
714	-0.000000	179.186561	0.000000	2.4
715	-0.943666	179.054774	0.009413	2.8
716	-0.584638	178.923245	0.007625	1.4
717	-0.062762	178.791973	0.001273	3.4
718	-1.039020	178.660958	0.016350	2.5
719	-0.525577	178.530199	0.005886	1.4
720	-0.561047	178.399694	0.009576	3.1
721	-0.727033	178.269444	0.012578	1.9
722	-0.404681	178.139447	0.006418	2.5
723	-1.005781	178.009702	0.023202	1.9
724	-1.087523	177.880209	0.014149	1.8
725	-0.878973	177.750967	0.048404	2.1
726	-0.487129	177.621975	0.006984	2.4
727	-0.000000	177.493232	0.000000	1.5
728	-0.829035	177.364738	0.006896	1.9
729	-0.001751	177.236492	0.000180	2.4
730	-0.239095	177.108492	0.005741	1.6
731	-0.000000	176.980739	0.000000	1.9
732	-1.229607	176.853231	0.034944	2.3
733	-1.116820	176.725968	0.044985	1.7
734	-0.802129	176.598949	0.040800	2.3
735	-0.289551	176.472173	0.004499	1.8
736	-0.006048	176.345639	0.001047	2.0
737	-0.727647	176.219348	0.013158	1.6
738	-1.277683	176.093296	0.020634	2.8
739	-0.596216	175.967486	0.007764	2.4
740	-0.629954	175.841914	0.010175	1.3
741	-0.896576	175.716581	0.036117	3.0
742	-1.033987	175.591486	0.033583	1.9
743	-0.000117	175.466629	0.000046	1.9
744	-0.078234	175.342008	0.002551	2.7
745	-0.337096	175.217622	0.013236	2.8
746	-1.060530	175.093472	0.038192	1.4
747	-1.301070	174.969556	0.011973	3.1
748	-0.887626	174.845873	0.014025	2.1
749	-0.737090	174.722423	0.019315	2.1
750	-1.043981	174.599206	0.031917	2.0
751	-0.854456	174.476220	0.017785	1.7
752	-1.007779	174.353464	0.013662	2.2
753	-0.000000	174.230939	0.000000	1.8
754	0.000000	174.108643	0.000000	1.7
755	-1.269898	173.986576	0.024569	1.6
756	-0.219896	173.864737	0.011012	2.3
757	-0.498154	173.743124	0.006607	2.2
758	-1.073121	173.621739	0.019385	3.0
759	-0.712289	173.500579	0.009012	3.4
760	-0.509434	173.379645	0.007840	5.3
761	-0.417045	173.258935	0.009136	3.2
762	-0.057390	173.138449	0.000596	3.5
763	-0.000014	173.018186	0.000003	1.9
764	-0.744429	172.898146	0.013466	2.6
765	-1.062362	172.778327	0.023459	5.0
766	-0.000000	172.658730	0.000000	1.7
767	-1.278987	172.539353	0.021566	2.0
768	-0.000113	172.420196	0.000047	2.3
769	-0.769272	172.301258	0.021917	1.7
770	-1.001002	172.182539	0.021144	2.6
771	-0.000000	172.064037	0.000000	1.8
772	-0.951141	171.945753	0.013072	2.8
773	-1.049882	171.827686	0.009274	1.6
774	-0.333537	171.709834	0.010564	2.2
775	-0.000002	171.592198	0.000001	1.7
776	-1.165615	171.474776	0.035667	1.7
777	-0.313954	171.357568	0.005099	1.9
778	-0.690055	171.240574	0.007721	1.6
779	-0.029351	171.123793	0.003277	2.8
780	-0.916732	171.007223	0.009653	2.5
781	-0.509002	170.890865	0.002207	3.2
782	-0.898703	170.774718	0.012702	1.4
783	-1.149907	170.658782	0.015033	2.8
784	-0.000715	170.543055	0.000256	2.2
785	-0.085234	170.427537	0.009200	1.4
786	-1.108053	170.312227	0.027775	1.7
787	-0.967008	170.197125	0.012776	1.9
788	-0.891277	170.082231	0.025606	1.9
789	-0.918198	169.967543	0.015673	2.7
790	-1.166681	169.853061	0.042228	3.4
791	-0.980190	169.738784	0.012280	2.8
792	-0.927946	169.624713	0.019774	1.7
793	-0.005526	169.510845	0.000480	2.4
794	-1.010215	169.397181	0.009964	1.4
795	-1.102107	169.283720	0.025739	2.8
796	-0.127499	169.170462	0.005314	2.8
797	-1.023470	169.057405	0.016976	2.8
798	-0.977545	168.944549	0.013359	1.5
799	-0.000000	168.831895	0.000000	2.1
800	-1.002159	168.719440	0.016735	2.9
801	-0.706238	168.607185	0.017252	3.0
802	-1.089667	168.495129	0.017934	2.9
803	-1.126661	168.383271	0.018729	2.5
804	-0.521832	168.271611	0.012935	1.5
805	-0.590302	168.160148	0.011615	2.3
806	-0.504765	168.048882	0.009120	1.7
807	-0.041303	167.937812	0.000331	2.0
808	-1.229665	167.826938	0.019920	2.6
809	-1.374183	167.716258	0.021860	1.6
810	-1.184502	167.605773	0.014553	2.0
811	-1.142718	167.495482	0.029031	2.5
812	-1.216204	167.385384	0.012286	1.4
813	-0.000000	167.275479	0.000000	2.5
814	-0.089425	167.165766	0.007011	1.5
815	-0.390486	167.056245	0.001970	2.4
816	-0.897093	166.946915	0.019228	1.7
817	-0.999392	166.837776	0.017443	2.9
818	-1.021300	166.728826	0.014158	1.6
819	-0.483322	166.620067	0.005426	2.0
820	-0.000000	166.511496	0.000000	2.6
821	-0.000000	166.403113	0.000000	1.4
822	-0.000000	166.294919	0.000000	1.9
823	-0.711892	166.186912	0.007435	1.9
824	-0.440581	166.079091	0.009811	1.8
825	-0.534226	165.971458	0.005225	2.4
826	-0.199815	165.864009	0.004359	1.4
827	-0.909508	165.756747	0.007403	3.4
828	-0.756057	165.649669	0.012259	2.3
829	-0.900815	165.542775	0.011774	1.7
830	-0.712002	165.436065	0.005513	2.4
831	-1.137002	165.329538	0.019600	2.2
832	-0.670886	165.223194	0.014280	2.6
833	-0.976466	165.117032	0.012324	2.2
834	-0.672493	165.011052	0.009380	1.7
835	-0.696596	164.905253	0.017914	2.2
836	-0.658933	164.799635	0.002680	3.1
837	-1.154452	164.694197	0.006911	1.8
838	-1.287152	164.588939	0.018984	2.0
839	-1.181859	164.483859	0.032707	2.7
840	-0.000001	164.378959	0.000001	3.0
841	-0.001371	164.274237	0.000422	3.4
842	-0.446388	164.169692	0.005026	2.0
843	-0.562186	164.065325	0.011689	2.6
844	-1.186256	163.961135	0.011617	2.3
845	-0.000000	163.857120	0.000000	1.5
846	-0.000000	163.753282	0.000000	1.5
847	-1.323572	163.649619	0.047462	1.8
848	-0.798760	163.546130	0.054595	2.5
849	-0.591190	163.442816	0.017079	1.4
850	-0.000000	163.339676	0.000000	2.5
851	-0.331590	163.236709	0.005364	1.4
852	-0.000000	163.133915	0.000000	3.7
853	-0.032127	163.031294	0.001208	1.5
854	-1.020006	162.928844	0.012831	2.5
855	-0.000000	162.826566	0.000000	1.8
856	-0.563007	162.724459	0.005638	1.8
857	-1.024196	162.622523	0.009505	1.9
858	-0.000000	162.520757	0.000000	2.9
859	-0.193775	162.419160	0.001530	1.3
860	-0.004326	162.317733	0.000566	3.0
861	-1.188388	162.216474	0.011209	1.7
862	-1.158869	162.115383	0.045275	2.0
863	-0.601501	162.014461	0.009730	2.7
864	-0.971972	161.913705	0.031999	1.6
865	-0.034440	161.813117	0.002312	3.0
866	-1.007496	161.712695	0.019805	2.6
867	-0.000000	161.612439	0.000000	1.2
868	-0.000000	161.512349	0.000000	2.7
869	-0.000306	161.412424	0.000106	1.9
870	-0.691191	161.312663	0.008985	2.0
871	-0.000054	161.213067	0.000017	2.7
872	-1.127056	161.113635	0.021165	3.1
873	-0.783541	161.014366	0.014768	1.8
874	-0.991498	160.915260	0.008134	1.6
875	-0.949374	160.816316	0.020834	1.7
876	-0.582329	160.717535	0.011016	2.4
877	-0.000000	160.618915	0.000000	1.8
878	-0.381330	160.520456	0.007707	1.8
879	-0.000000	160.422158	0.000000	2.1
880	-0.501292	160.324021	0.007148	1.5
881	-0.000298	160.226043	0.000073	2.8
882	-0.955536	160.128225	0.021084	1.6
883	-1.169289	160.030566	0.024793	2.1
884	-0.000000	159.933066	0.000000	1.5
885	-1.300760	159.835723	0.008336	2.7
886	-1.203801	159.738539	0.015348	1.4
887	-1.194682	159.641512	0.026571	3.3
888	-0.029291	159.544642	0.001723	1.7
889	-1.373873	159.447929	0.012905	2.6
890	-0.863204	159.351372	0.011374	1.5
891	-0.779738	159.254971	0.004717	2.4
892	-0.085896	159.158725	0.002936	1.6
893	-0.000001	159.062634	0.000000	3.0
894	-0.000000	158.966697	0.000000	1.4
895	-1.180752	158.870915	0.017298	2.2
896	-0.769407	158.775286	0.013654	2.3
897	-0.042586	158.679811	0.003909	1.4
898	-0.905069	158.584489	0.013404	2.6
899	-0.802027	158.489319	0.008502	2.1
900	-1.163413	158.394302	0.046209	1.5
901	-0.000000	158.299436	0.000000	2.0
902	-1.187180	158.204721	0.014827	2.0
903	-0.584638	158.110158	0.006048	1.4
904	-0.000562	158.015745	0.000233	1.7
905	-0.898289	157.921482	0.007617	2.3
906	-0.098528	157.827369	0.003209	1.8
907	-0.002811	157.733406	0.000473	2.4
908	-0.854792	157.639591	0.006802	2.0
909	-1.089078	157.545925	0.028583	1.7
910	-0.469933	157.452408	0.008011	1.8
911	-1.026660	157.359038	0.019791	1.8
912	-0.000000	157.265816	0.000000	2.3
913	-1.146893	157.172741	0.036420	1.3
914	-0.014469	157.079813	0.000977	3.0
915	-0.000000	156.987031	0.000000	1.8
916	-0.000021	156.894395	0.000005	2.0
917	-1.223140	156.801904	0.020731	1.6
918	-1.155388	156.709559	0.014306	2.0
919	-0.439993	156.617359	0.004520	2.8
920	-1.441968	156.525304	0.012646	1.5
921	-0.735516	156.433392	0.010684	3.2
922	-0.646185	156.341624	0.016956	3.4
923	-0.000000	156.250000	0.000000	1.3
924	-0.799182	156.158519	0.036673	2.7
925	-0.764964	156.067180	0.012937	2.5
926	-0.000000	155.975984	0.000000	1.7
927	-0.911128	155.884930	0.006472	2.0
928	-0.006215	155.794017	0.000562	2.0
929	-0.397536	155.703246	0.008726	2.6
930	-1.061815	155.612615	0.015250	2.5
931	-0.288566	155.522125	0.009009	1.4
932	-0.308849	155.431775	0.007344	2.2
933	-0.000000	155.341565	0.000000	2.1
934	-0.838292	155.251495	0.015531	3.5
935	-1.124793	155.161563	0.015056	1.9
936	-1.085654	155.071771	0.013598	1.6
937	-1.323173	154.982117	0.022029	1.9
938	-0.977510	154.892601	0.013814	1.7
939	-1.262685	154.803222	0.013316	2.9
940	-0.000000	154.713981	0.000000	2.3
941	-1.134872	154.624878	0.019299	1.4
942	-1.173610	154.535910	0.030209	2.8
943	-0.000000	154.447080	0.000000	1.5
944	-0.599234	154.358385	0.011965	2.1
945	-1.002081	154.269826	0.008073	2.5
946	0.000000	154.181402	0.000000	2.6
947	-0.715496	154.093114	0.014562	1.6
948	-0.606908	154.004960	0.010353	2.1
949	-0.000000	153.916940	0.000000	2.9
950	-1.275221	153.829054	0.033298	1.5
951	-0.000000	153.741303	0.000000	2.4
952	-0.464418	153.653684	0.011401	1.5
953	-0.507015	153.566198	0.008973	2.5
954	-0.037796	153.478846	0.003978	1.7
955	-1.086431	153.391625	0.019561	1.6
956	-0.241085	153.304537	0.006612	2.2
957	-1.231041	153.217580	0.026704	2.3
958	-1.296702	153.130755	0.009679	1.6
959	-0.000000	153.044061	0.000000	1.9
960	-0.943258	152.957498	0.017214	2.3
961	-0.000000	152.871065	0.000000	1.6
962	-0.000453	152.784762	0.000049	1.7
963	-0.000000	152.698589	0.000000	3.0
964	-0.808200	152.612545	0.014466	1.5
965	-1.071701	152.526631	0.009685	2.9
966	-1.376367	152.440845	0.012851	1.8
967	-0.711800	152.355188	0.008834	1.5
968	-0.794060	152.269660	0.020236	2.4
969	-0.000004	152.184259	0.000002	1.3
970	-1.059615	152.098986	0.018961	2.2
971	-0.000000	152.013840	0.000000	1.3
972	-0.741976	151.928821	0.008162	2.1
973	-0.295957	151.843928	0.002408	2.7
974	-0.000000	151.759163	0.000000	2.5
975	-1.122642	151.674523	0.012632	2.9
976	-1.220694	151.590009	0.021743	1.5
977	-0.000004	151.505620	0.000001	2.4
978	-0.000000	151.421357	0.000000	1.4
979	-1.003917	151.337218	0.043639	2.9
980	-0.000958	151.253204	0.000431	1.2
981	-1.120267	151.169314	0.030195	2.7
982	-1.020246	151.085549	0.027985	1.4
983	-0.863789	151.001907	0.038747	3.2
984	-1.278120	150.918388	0.044928	1.6
985	-0.000074	150.834992	0.000015	2.2
986	-0.610916	150.751719	0.012982	4.7
987	-1.103824	150.668569	0.016334	1.8
988	-0.787543	150.585541	0.013278	2.9
989	-0.695153	150.502634	0.013984	2.3
990	-0.719085	150.419849	0.004559	2.4
991	-1.056650	150.337186	0.030790	1.5
992	-0.323291	150.254644	0.004269	2.5
993	-1.314915	150.172222	0.008287	1.7
994	-0.793208	150.089921	0.017634	2.6
995	-0.549796	150.007740	0.011060	1.6
996	-0.000000	149.925679	0.000000	1.9
997	-1.063389	149.843737	0.033783	1.9
998	-0.975181	149.761915	0.007530	1.6
999	-0.661330	149.680212	0.008996	2.6
1000	-0.605565	149.598627	0.009052	2.2
1001	-0.530119	149.517161	0.003962	1.5
1002	-0.000000	149.435814	0.000000	1.8
1003	-1.255123	149.354584	0.020523	2.7
1004	-0.000000	149.273472	0.000000	1.5
1005	-0.000000	149.192477	0.000000	1.4
1006	-0.091477	149.111599	0.004024	3.0
1007	-0.000000	149.030838	0.000000	1.4
1008	-0.713118	148.950194	0.007222	2.2
1009	-0.708782	148.869666	0.006464	1.6
1010	-0.026420	148.789253	0.002622	2.6
1011	-0.779192	148.708957	0.028619	2.9
1012	-0.000000	148.628776	0.000000	1.3
1013	-0.003703	148.548710	0.000317	3.2
1014	-0.000000	148.468759	0.000000	1.4
1015	-1.060008	148.388923	0.018779	2.4
1016	-0.189536	148.309201	0.000925	2.0
1017	-0.237349	148.229594	0.005611	2.1
1018	-1.012778	148.150100	0.014561	2.4
1019	-0.000000	148.070719	0.000000	2.1
1020	-0.845400	147.991452	0.027838	1.6
1021	-0.770540	147.912298	0.011375	2.7
1022	-0.559327	147.833257	0.010274	2.5
1023	-1.402405	147.754329	0.006425	2.0
1024	-1.110457	147.675512	0.012840	1.8
1025	-0.725868	147.596808	0.011225	2.0
1026	-0.998291	147.518216	0.012178	2.0
1027	-0.184042	147.439735	0.003456	2.6
1028	-1.223603	147.361365	0.040555	2.9
1029	-0.000877	147.283106	0.000167	1.6
1030	-0.526614	147.204958	0.007195	2.5
1031	-1.049141	147.126920	0.010881	2.7
1032	-0.560707	147.048993	0.004940	2.0
1033	-1.058223	146.971175	0.008471	2.0
1034	-0.734438	146.893468	0.016966	2.2
1035	-0.784341	146.815869	0.032756	3.0
1036	-0.821438	146.738380	0.013716	3.0
1037	-1.101723	146.661000	0.006438	1.8
1038	-1.264195	146.583729	0.019378	1.7
1039	-0.585579	146.506566	0.014869	1.8
1040	-0.000000	146.429511	0.000000	1.4
1041	-0.000000	146.352565	0.000000	3.2
1042	-1.242876	146.275726	0.014267	2.6
1043	-0.625941	146.198994	0.010929	1.4
1044	-0.968025	146.122370	0.006101	2.8
1045	-0.952573	146.045853	0.005780	2.0
1046	-1.006565	145.969442	0.019486	1.5
1047	-1.173199	145.893139	0.024644	2.2
1048	-0.853107	145.816941	0.011408	1.5
1049	-0.089261	145.740849	0.003930	2.7
1050	-0.945440	145.664863	0.014683	2.3
1051	-0.985964	145.588983	0.014457	2.4
1052	-1.051749	145.513208	0.033616	1.6
1053	-0.694975	145.437538	0.005815	2.3
1054	-0.045190	145.361973	0.003084	2.5
1055	-0.115517	145.286513	0.002897	2.0
1056	-0.047043	145.211157	0.002664	1.7
1057	-0.036739	145.135905	0.000841	2.5
1058	-0.000001	145.060757	0.000000	1.3
1059	-0.000000	144.985712	0.000000	2.0
1060	-0.004307	144.910771	0.000284	1.5
1061	-0.770366	144.835934	0.022846	2.0
1062	-1.050849	144.761199	0.020967	1.7
1063	-1.371198	144.686567	0.025400	2.8
1064	-0.697804	144.612037	0.007111	2.7
1065	-0.052146	144.537610	0.002626	1.8
1066	-1.126567	144.463285	0.012834	2.1
1067	-0.980521	144.389062	0.008157	3.1
1068	-0.451737	144.314940	0.001653	1.5
1069	-0.000001	144.240920	0.000000	2.5
1070	-0.728522	144.167001	0.025761	1.6
1071	-0.746537	144.093182	0.020257	2.2
1072	-1.102084	144.019465	0.010892	1.9
1073	-0.426381	143.945848	0.009369	1.8
1074	-0.000000	143.872331	0.000000	2.5
1075	-0.304978	143.798914	0.004752	1.6
1076	-1.351114	143.725597	0.036010	1.7
1077	-0.000187	143.652380	0.000065	2.7
1078	-0.721380	143.579262	0.017073	2.5
1079	-0.837253	143.506243	0.011748	1.7
1080	-1.350245	143.433323	0.011222	1.8
1081	-0.737085	143.360502	0.020331	1.9
1082	-0.979360	143.287780	0.033381	2.9
1083	-0.008684	143.215155	0.002058	1.3
1084	-0.818341	143.142629	0.017200	2.8
1085	-0.000000	143.070201	0.000000	1.4
1086	-0.978628	142.997870	0.017052	2.6
1087	-1.065806	142.925637	0.018754	1.5
1088	-0.963208	142.853501	0.005213	2.6
1089	-1.040106	142.781462	0.014866	1.5
1090	-1.214231	142.709519	0.019983	2.0
1091	-0.818619	142.637674	0.013185	1.8
1092	-1.307518	142.565924	0.038414	1.5
1093	-0.418432	142.494271	0.003266	2.0
1094	-1.314776	142.422714	0.039217	1.5
1095	-0.661033	142.351252	0.007892	2.5
1096	-0.003735	142.279886	0.000450	2.6
1097	-0.794542	142.208616	0.010831	1.5
1098	-1.223912	142.137440	0.051915	2.5
1099	-0.000000	142.066360	0.000000	2.6
1100	-1.336145	141.995374	0.046931	1.4
1101	-1.085438	141.924483	0.023139	2.8
1102	-0.998420	141.853685	0.015651	2.6
1103	-0.808052	141.782983	0.018463	1.8
1104	-1.374005	141.712373	0.035168	1.8
1105	-0.000231	141.641858	0.000036	3.4
1106	-1.064073	141.571436	0.018961	1.5
1107	-0.955299	141.501108	0.004877	1.5
1108	-0.692726	141.430872	0.025642	1.4
1109	-0.665884	141.360730	0.011368	2.9
1110	-0.890038	141.290680	0.011268	2.2
1111	-0.000000	141.220722	0.000000	1.8
1112	-0.000000	141.150857	0.000000	1.4
1113	-0.916855	141.081084	0.023419	2.0
1114	-0.000086	141.011403	0.000017	2.2
1115	-0.528478	140.941813	0.005527	1.4
1116	-1.055591	140.872315	0.018934	3.0
1117	-1.148074	140.802909	0.009172	1.8
1118	-0.329595	140.733593	0.006087	2.7
1119	-0.000000	140.664369	0.000000	2.0
1120	-1.092257	140.595235	0.027371	2.0
1121	-0.000000	140.526192	0.000000	1.7
1122	-0.297231	140.457239	0.004014	1.7
1123	-0.000000	140.388376	0.000000	2.0
1124	-0.289539	140.319603	0.007893	1.8
1125	-0.000000	140.250920	0.000000	2.1
1126	-0.707504	140.182326	0.015002	1.9
1127	-0.289205	140.113822	0.003834	2.0
1128	-0.631771	140.045407	0.014268	2.7
1129	-0.087715	139.977081	0.002766	1.6
1130	-0.991164	139.908844	0.012603	2.4
1131	-1.016458	139.840696	0.013284	3.3
1132	-0.230537	139.772635	0.005482	1.7
1133	-0.525172	139.704664	0.005618	2.2
1134	-0.993725	139.636780	0.008040	2.7
1135	-0.679417	139.568984	0.005180	1.7
1136	-1.182886	139.501276	0.015771	1.8
1137	-1.327733	139.433655	0.016021	2.1
1138	-0.788548	139.366122	0.009719	2.3
1139	-1.294835	139.298676	0.041868	1.5
1140	-0.647957	139.231317	0.006921	2.5
1141	-0.987228	139.164045	0.009487	1.6
1142	-0.832800	139.096859	0.021550	3.0
1143	-0.000000	139.029760	0.000000	1.7
1144	-0.838371	138.962747	0.007631	2.5
1145	-1.150409	138.895820	0.011131	1.8
1146	-0.775332	138.828978	0.007389	2.0
1147	-1.405256	138.762223	0.029611	3.0
1148	-1.266169	138.695553	0.044790	2.3
1149	-1.210498	138.628969	0.043906	2.8
1150	-0.857771	138.562469	0.014461	2.0
1151	-0.796749	138.496055	0.016579	1.6
1152	-1.327735	138.429725	0.037382	2.0
1153	-0.215727	138.363481	0.005555	2.3
1154	0.000000	138.297320	0.000000	1.4
1155	-0.000000	138.231244	0.000000	3.2
1156	-0.418568	138.165252	0.008579	1.4
1157	-0.120037	138.099344	0.006596	2.8
1158	-0.024832	138.033520	0.002634	2.2
1159	-0.740813	137.967779	0.009033	1.5
1160	-0.000384	137.902122	0.000069	2.3
1161	-1.322057	137.836548	0.029862	1.5
1162	-1.155816	137.771057	0.043289	2.1
1163	-0.638147	137.705649	0.022711	1.6
1164	-0.592294	137.640324	0.012500	2.2
1165	-1.408469	137.575081	0.032314	3.0
1166	-0.000000	137.509921	0.000000	2.4
1167	-0.891799	137.444842	0.009967	1.5
1168	-0.072058	137.379846	0.005638	2.2
1169	-0.000000	137.314932	0.000000	1.6
1170	-1.220711	137.250100	0.010095	1.9
1171	-0.006801	137.185349	0.000556	1.6
1172	-0.915308	137.120680	0.009541	1.6
1173	-0.728012	137.056092	0.014082	3.0
1174	-1.080265	136.991585	0.018896	1.7
1175	-0.513662	136.927158	0.008233	2.5
1176	-0.602814	136.862813	0.013752	2.9
1177	-0.000000	136.798548	0.000000	1.2
1178	-0.000802	136.734363	0.000160	2.3
1179	-0.526173	136.670259	0.003142	1.4
1180	-0.000000	136.606235	0.000000	2.8
1181	-0.000000	136.542291	0.000000	2.6
1182	-0.000000	136.478426	0.000000	1.4
1183	-1.261436	136.414641	0.063157	1.7
1184	-0.862225	136.350936	0.011477	1.8
1185	-0.717882	136.287310	0.010227	1.6
1186	-0.520461	136.223763	0.007692	2.7
1187	-0.955817	136.160295	0.015130	2.5
1188	-0.000000	136.096905	0.000000	1.5
1189	-0.981662	136.033594	0.008464	2.0
1190	-0.918542	135.970362	0.038600	2.7
1191	-0.829060	135.907208	0.009705	2.8
1192	-1.402450	135.844133	0.022148	2.5
1193	-0.820327	135.781135	0.033560	2.5
1194	-1.095679	135.718215	0.017368	1.5
1195	-1.212929	135.655373	0.015288	2.1
1196	-0.865989	135.592608	0.003301	2.6
1197	-0.000000	135.529921	0.000000	2.1
1198	-0.000000	135.467311	0.000000	1.5
1199	-0.000000	135.404778	0.000000	2.2
1200	-0.000004	135.342322	0.000001	2.5
1201	-0.702648	135.279942	0.016897	2.2
1202	-0.643922	135.217640	0.009592	1.6
1203	-0.056260	135.155413	0.003316	2.3
1204	-0.602468	135.093263	0.016542	1.5
1205	-0.536447	135.031190	0.004785	2.2
1206	-1.199110	134.969192	0.012973	2.1
1207	-1.244729	134.907270	0.024699	1.7
1208	-0.458547	134.845424	0.005528	2.4
1209	-0.000615	134.783653	0.000098	1.5
1210	-0.571087	134.721958	0.009055	2.6
1211	-0.004620	134.660338	0.000625	1.5
1212	-0.000000	134.598793	0.000000	1.9
1213	-1.260331	134.537323	0.015335	2.6
1214	-0.013421	134.475927	0.002860	1.5
1215	-0.345603	134.414607	0.006280	1.8
1216	-0.884595	134.353361	0.016664	2.0
1217	-0.848940	134.292189	0.009003	2.2
1218	-0.799852	134.231092	0.017275	2.2
1219	-0.850878	134.170068	0.009533	1.5
1220	-1.293435	134.109119	0.019503	2.3
1221	-0.969862	134.048243	0.010206	2.0
1222	-1.030871	133.987441	0.009184	1.8
1223	-0.760596	133.926713	0.006642	1.9
1224	-1.033780	133.866057	0.014704	2.4
1225	-0.374577	133.805475	0.002146	1.8
1226	-0.920027	133.744966	0.024785	2.2
1227	-0.720704	133.684530	0.007674	2.1
1228	-0.993895	133.624167	0.014972	2.0
1229	-1.290675	133.563877	0.033772	2.0
1230	-1.135041	133.503658	0.006249	2.3
1231	-0.053476	133.443513	0.002711	2.8
1232	-1.073534	133.383439	0.017360	3.3
1233	-1.287116	133.323437	0.044483	3.0
1234	-0.073891	133.263508	0.003122	1.2
1235	-0.182795	133.203650	0.002425	2.9
1236	-0.012650	133.143864	0.000329	1.5
1237	-0.152758	133.084149	0.003171	2.4
1238	-0.434225	133.024506	0.005534	2.9
1239	-0.980664	132.964934	0.019928	2.5
1240	-0.412583	132.905433	0.003951	1.7
1241	-1.224558	132.846003	0.023701	2.1
1242	-0.006832	132.786643	0.000533	1.9
1243	-0.006362	132.727355	0.000794	1.6
1244	-1.247520	132.668137	0.010478	3.3
1245	-0.736209	132.608989	0.009510	2.1
1246	-0.000000	132.549912	0.000000	1.5
1247	-0.136687	132.490904	0.002545	2.2
1248	-1.132420	132.431967	0.023812	2.3
1249	-1.260263	132.373100	0.051301	2.5
1250	-0.000000	132.314302	0.000000	1.6
1251	-1.052109	132.255574	0.009815	1.8
1252	-0.327288	132.196916	0.007786	2.2
1253	-0.248900	132.138326	0.004590	2.4
1254	-0.885067	132.079806	0.005445	1.4
1255	-1.067375	132.021355	0.015547	2.7
1256	-0.984836	131.962973	0.013882	2.6
1257	-1.162275	131.904660	0.007612	1.5
1258	-0.660567	131.846415	0.012288	2.4
1259	-0.869210	131.788239	0.010064	2.2
1260	-0.839056	131.730131	0.010525	1.8
1261	-0.000000	131.672092	0.000000	2.1
1262	-0.866278	131.614121	0.010278	2.7
1263	-1.026975	131.556217	0.015917	1.4
1264	-1.145436	131.498382	0.016309	3.2
1265	-0.961598	131.440614	0.005894	2.0
1266	-1.238711	131.382914	0.038849	2.4
1267	-1.288011	131.325282	0.010492	1.9
1268	-1.263620	131.267717	0.020298	2.7
1269	-0.013081	131.210219	0.001115	1.8
1270	-1.117276	131.152788	0.016331	1.7
1271	-0.768668	131.095424	0.006518	2.3
1272	-1.085957	131.038127	0.009912	2.2
1273	-0.717226	130.980897	0.014206	1.6
1274	-0.076331	130.923733	0.004223	2.6
1275	-0.918195	130.866636	0.019053	2.6
1276	-0.587049	130.809605	0.011303	1.4
1277	-1.180376	130.752641	0.008232	2.4
1278	-0.663130	130.695742	0.011166	1.6
1279	-1.254349	130.638910	0.007956	2.7
1280	-1.301769	130.582143	0.022341	1.7
1281	-1.149036	130.525442	0.009446	1.8
1282	-1.393918	130.468807	0.016861	1.9
1283	-0.242370	130.412237	0.002556	2.0
1284	-1.201720	130.355733	0.007856	2.2
1285	-1.005622	130.299294	0.023362	2.1
1286	-0.810367	130.242920	0.011171	1.9
1287	-0.000014	130.186611	0.000005	1.6
1288	-0.389746	130.130366	0.006652	2.0
1289	-0.000004	130.074187	0.000001	1.5
1290	-0.827994	130.018072	0.010364	2.8
1291	-0.445489	129.962022	0.009929	2.4
1292	-0.716240	129.906036	0.023016	3.2
1293	-0.088184	129.850114	0.003466	1.6
1294	-0.796009	129.794257	0.028874	2.2
1295	-0.030201	129.738463	0.001298	2.3
1296	-1.015170	129.682734	0.010338	1.6
1297	-1.173892	129.627068	0.014120	2.7
1298	-0.897556	129.571466	0.004988	2.5
1299	-0.438377	129.515927	0.006343	1.4
1300	-0.704605	129.460452	0.013665	2.5
1301	-0.000000	129.405040	0.000000	2.7
1302	0.000000	129.349692	0.000000	1.2
1303	-0.000000	129.294406	0.000000	3.0
1304	-0.881271	129.239183	0.013820	1.5
1305	-0.078736	129.184024	0.004159	2.7
1306	-0.000000	129.128927	0.000000	1.8
1307	-1.144660	129.073892	0.037591	1.6
1308	-0.218824	129.018921	0.003861	2.3
1309	-0.986522	128.964011	0.017186	2.4
1310	-0.803474	128.909164	0.028007	3.2
1311	-0.000000	128.854379	0.000000	1.5
1312	-1.325458	128.799656	0.043446	3.2
1313	-1.181197	128.744995	0.018732	1.8
1314	-1.193105	128.690396	0.020913	2.5
1315	-0.237629	128.635858	0.007657	1.7
1316	-0.977044	128.581382	0.028883	1.8
1317	-0.011171	128.526968	0.000531	2.5
1318	-0.933068	128.472615	0.006702	1.7
1319	-0.000000	128.418323	0.000000	1.3
1320	-0.000000	128.364092	0.000000	2.8
1321	-1.320815	128.309922	0.012034	1.7
1322	-0.932648	128.255814	0.002256	2.0
1323	-1.252012	128.201766	0.036052	2.5
1324	-1.089348	128.147778	0.008159	1.5
1325	-0.689853	128.093852	0.004940	2.7
1326	-0.781910	128.039985	0.013682	2.9
1327	-1.015419	127.986180	0.046797	2.4
1328	-0.597523	127.932434	0.013618	1.4
1329	-0.654795	127.878749	0.012340	3.0
1330	-0.000000	127.825123	0.000000	1.4
1331	-0.090569	127.771558	0.005064	2.1
1332	-0.771736	127.718052	0.011037	2.0
1333	-0.012189	127.664606	0.001242	2.6
1334	-0.944650	127.611220	0.004908	1.4
1335	-1.074193	127.557893	0.004550	3.0
1336	-1.208684	127.504625	0.015338	2.5
1337	-0.792991	127.451417	0.012348	1.5
1338	-0.664054	127.398268	0.008517	2.2
1339	-0.592787	127.345178	0.004579	1.7
1340	-0.840537	127.292147	0.014559	2.1
1341	-1.335937	127.239175	0.030601	3.1
1342	-0.830047	127.186261	0.013218	2.0
1343	-0.846233	127.133407	0.011655	1.8
1344	-0.197582	127.080610	0.008049	2.5
1345	-0.359057	127.027872	0.001493	1.4
1346	-0.972758	126.975193	0.011689	2.7
1347	-1.165158	126.922572	0.027484	2.3
1348	-0.449463	126.870008	0.013609	1.5
1349	-0.000000	126.817503	0.000000	2.5
1350	-0.000000	126.765056	0.000000	1.9
1351	-0.613023	126.712667	0.012388	1.5
1352	-0.044212	126.660335	0.000612	2.0
1353	-0.000000	126.608061	0.000000	1.9
1354	-0.800181	126.555844	0.006505	2.2
1355	-0.920631	126.503685	0.009786	1.7
1356	-0.755160	126.451583	0.008973	2.0
1357	-0.757964	126.399538	0.008730	2.5
1358	-0.000000	126.347550	0.000000	1.4
1359	-0.576771	126.295619	0.006020	1.9
1360	-0.000000	126.243745	0.000000	1.5
1361	-0.010833	126.191928	0.002014	3.3
1362	-1.028389	126.140168	0.006245	1.7
1363	-0.498151	126.088464	0.004190	2.6
1364	-0.823041	126.036817	0.041384	2.0
1365	-1.352749	125.985226	0.005055	2.3
1366	-0.883579	125.933691	0.007855	1.8
1367	-0.407833	125.882212	0.011889	2.5
1368	-0.000000	125.830790	0.000000	2.0
1369	-1.285709	125.779423	0.013251	2.0
1370	-0.037726	125.728113	0.001962	2.7
1371	-0.000000	125.676858	0.000000	2.5
1372	-0.483137	125.625659	0.005200	2.2
1373	0.000000	125.574515	0.000000	1.2
1374	-0.374595	125.523427	0.003446	2.1
1375	-0.943653	125.472394	0.011522	2.8
1376	-1.312312	125.421417	0.023463	1.9
1377	-1.129330	125.370495	0.024155	2.1
1378	-0.790053	125.319628	0.007171	3.6
1379	-1.230517	125.268815	0.032179	1.6
1380	-0.843690	125.218058	0.014048	2.0
1381	-1.157259	125.167356	0.009293	2.2
1382	-1.179610	125.116708	0.017517	2.0
1383	-0.000000	125.066115	0.000000	1.7
1384	-1.342740	125.015576	0.026068	3.4
1385	-1.250952	124.965092	0.011524	2.9
1386	-0.432954	124.914662	0.008633	1.5
1387	-0.122319	124.864287	0.002882	3.0
1388	-0.000000	124.813965	0.000000	2.4
1389	-0.363963	124.763698	0.004366	1.6
1390	-1.197570	124.713485	0.034094	2.0
1391	-0.594995	124.663325	0.013353	2.4
1392	-0.299744	124.613219	0.001470	2.5
1393	-1.188329	124.563167	0.009644	3.3
1394	-0.000000	124.513168	0.000000	2.2
1395	-1.345344	124.463223	0.008143	1.6
1396	-1.067086	124.413332	0.018647	2.7
1397	-0.700291	124.363493	0.010465	1.6
1398	-0.800570	124.313708	0.009811	2.3
1399	-0.000000	124.263976	0.000000	2.3
1400	-1.123394	124.214297	0.009369	1.8
1401	-1.024230	124.164671	0.016265	1.6
1402	-1.014509	124.115097	0.014222	1.8
1403	-0.344677	124.065577	0.006899	2.6
1404	-0.765446	124.016109	0.005895	1.5
1405	-0.851443	123.966693	0.025793	1.9
1406	-0.024590	123.917330	0.001670	2.2
1407	-1.304998	123.868020	0.025521	1.6
1408	-1.137719	123.818762	0.011080	2.5
1409	-0.000001	123.769556	0.000001	1.2
1410	-0.487757	123.720402	0.007419	2.7
1411	-0.643497	123.671300	0.009031	1.5
1412	-0.829131	123.622250	0.018227	2.9
1413	-1.219098	123.573252	0.015482	2.6
1414	-0.914711	123.524305	0.015166	2.1
1415	-0.000002	123.475411	0.000001	1.5
1416	-0.234704	123.426568	0.002879	2.3
1417	-0.075692	123.377776	0.003608	1.7
1418	-0.005648	123.329036	0.001041	2.1
1419	-0.194988	123.280347	0.005479	2.3
1420	-1.227073	123.231709	0.036628	1.8
1421	-0.536635	123.183122	0.006366	2.7
1422	-0.033921	123.134587	0.001823	2.0
1423	-0.631762	123.086102	0.007601	2.1
1424	-0.351427	123.037669	0.002750	2.6
1425	-1.155244	122.989286	0.005389	2.2
1426	-1.093007	122.940954	0.016187	1.4
1427	-0.000001	122.892672	0.000000	2.7
1428	-0.953594	122.844441	0.014724	1.4
1429	-0.000000	122.796261	0.000000	3.2
1430	-0.604431	122.748130	0.013056	2.1
1431	-0.817579	122.700050	0.004101	3.0
1432	-0.655200	122.652021	0.015586	1.5
1433	-0.000000	122.604041	0.000000	3.1
1434	-1.406693	122.556111	0.022411	1.6
1435	-0.199193	122.508232	0.004622	1.8
1436	-0.000000	122.460402	0.000000	3.2
1437	-0.748360	122.412622	0.006178	2.6
1438	-0.938446	122.364891	0.010126	1.5
1439	-0.000000	122.317210	0.000000	2.5
1440	-1.180967	122.269579	0.008998	2.3
1441	-0.507048	122.221997	0.009868	2.3
1442	-1.257159	122.174465	0.028711	2.1
1443	-0.853017	122.126981	0.009965	3.2
1444	-1.420370	122.079547	0.024912	2.3
1445	-0.000000	122.032162	0.000000	1.7
1446	-0.036695	121.984826	0.002738	2.2
1447	-0.517282	121.937539	0.007780	2.9
1448	-0.815427	121.890301	0.005334	2.4
1449	-0.009940	121.843112	0.000850	1.6
1450	-0.000066	121.795971	0.000029	1.9
1451	-0.924484	121.748879	0.009854	2.3
1452	-0.977731	121.701835	0.015750	1.6
1453	-0.159463	121.654840	0.004115	2.8
1454	-0.926776	121.607893	0.009239	2.2
1455	-0.000000	121.560994	0.000000	1.4
1456	-1.164547	121.514144	0.010063	2.4
1457	-0.000000	121.467342	0.000000	1.5
1458	-1.276052	121.420588	0.019594	2.0
1459	-0.378150	121.373882	0.004569	2.2
1460	-1.307181	121.327223	0.017052	2.3
1461	-1.312530	121.280613	0.051904	2.4
1462	-0.750636	121.234050	0.005341	1.5
1463	-0.933723	121.187535	0.018515	2.9
1464	-0.000000	121.141067	0.000000	2.2
1465	-0.067113	121.094647	0.001771	1.4
1466	-1.059221	121.048274	0.006876	3.5
1467	-0.946823	121.001949	0.028562	1.5
1468	-0.026140	120.955671	0.001346	2.3
1469	-0.933173	120.909440	0.009062	2.5
1470	-1.003949	120.863256	0.007286	1.7
1471	-0.629699	120.817119	0.009888	2.7
1472	-0.977366	120.771029	0.009503	2.9
1473	-0.000000	120.724986	0.000000	2.5
1474	-0.829894	120.678990	0.006963	2.9
1475	-1.012459	120.633040	0.009394	1.6
1476	-1.189570	120.587137	0.030925	2.2
1477	-0.389166	120.541281	0.010198	2.8
1478	-0.801048	120.495471	0.008239	2.7
1479	-0.891028	120.449707	0.010470	2.1
1480	-0.000000	120.403990	0.000000	1.6
1481	-1.237169	120.358319	0.011271	2.0
1482	-0.000000	120.312694	0.000000	1.6
1483	-0.000000	120.267115	0.000000	2.1
1484	-0.955075	120.221582	0.008301	3.0
1485	-1.045709	120.176096	0.017812	2.6
1486	-1.064677	120.130655	0.015482	2.0
1487	-1.224136	120.085260	0.017899	2.4
1488	-0.984886	120.039910	0.025323	3.4
1489	-0.070102	119.994606	0.002927	1.7
1490	-0.000005	119.949348	0.000001	2.7
1491	-0.277866	119.904135	0.008578	2.7
1492	-1.186476	119.858968	0.015653	2.5
1493	-0.965970	119.813846	0.020852	2.6
1494	-0.978537	119.768769	0.011573	3.3
1495	-0.483671	119.723738	0.017776	1.5
1496	-1.040581	119.678752	0.006210	2.3
1497	-0.411941	119.633810	0.005575	2.1
1498	-1.365053	119.588914	0.023298	3.0
1499	-0.000000	119.544062	0.000000	2.1
1500	-0.745412	119.499256	0.007952	2.6
1501	-0.691156	119.454494	0.020295	2.5
1502	-1.044077	119.409777	0.011153	1.4
1503	-0.728115	119.365104	0.018208	2.4
1504	-0.000000	119.320476	0.000000	1.2
1505	-0.387921	119.275893	0.007820	2.2
1506	-0.703988	119.231353	0.004343	1.5
1507	-0.896620	119.186859	0.008015	2.8
1508	-0.000000	119.142408	0.000000	2.6
1509	-0.958931	119.098002	0.010475	1.9
1510	-1.302999	119.053639	0.029799	1.6
1511	-1.051057	119.009321	0.036044	2.3
1512	-0.000000	118.965047	0.000000	2.1
1513	-0.976488	118.920816	0.007396	2.3
1514	-0.282614	118.876630	0.004958	1.9
1515	-0.746048	118.832487	0.009015	2.4
1516	-1.175706	118.788388	0.046059	1.7
1517	-0.904592	118.744332	0.022635	2.2
1518	-1.109060	118.700320	0.059830	2.0
1519	-1.025693	118.656352	0.019107	2.4
1520	-0.001514	118.612427	0.000212	1.7
1521	-1.249792	118.568545	0.006688	2.2
1522	-1.176571	118.524706	0.025891	1.6
1523	-1.092155	118.480911	0.027432	2.8
1524	-0.931835	118.437159	0.006425	2.6
1525	-1.274747	118.393450	0.005202	2.1
1526	-0.328335	118.349784	0.008232	1.6
1527	-1.165279	118.306160	0.035462	3.0
1528	-0.291597	118.262580	0.003359	2.0
1529	-1.257987	118.219042	0.039368	3.3
1530	-1.085539	118.175548	0.016109	2.6
1531	-1.273373	118.132095	0.039566	1.6
1532	-0.912772	118.088686	0.022513	3.4
1533	-0.000323	118.045319	0.000059	1.5
1534	-1.061984	118.001994	0.008526	2.4
1535	-0.988739	117.958712	0.008534	1.6
1536	-0.001673	117.915472	0.000399	2.3
1537	-0.381981	117.872274	0.006533	3.6
1538	-0.914689	117.829118	0.014611	1.6
1539	-0.723156	117.786005	0.017969	2.7
1540	-1.134669	117.742933	0.028903	2.4
1541	-0.097931	117.699904	0.003085	2.9
1542	-1.107110	117.656916	0.016834	1.6
1543	-1.236040	117.613971	0.021362	2.6
1544	-0.257627	117.571067	0.005727	2.9
1545	-1.352723	117.528205	0.027397	2.4
1546	-0.000000	117.485384	0.000000	1.3
1547	-1.050725	117.442605	0.035663	2.2
1548	-0.934815	117.399867	0.024946	2.9
1549	-0.846536	117.357171	0.010425	2.6
1550	-0.843217	117.314517	0.013100	3.0
1551	-0.000000	117.271903	0.000000	1.4
1552	-1.057537	117.229331	0.021557	2.0
1553	-0.001193	117.186800	0.000430	2.4
1554	-0.877501	117.144311	0.008592	1.5
1555	-1.150567	117.101862	0.005331	2.8
1556	-0.885954	117.059454	0.007795	1.7
1557	-0.087645	117.017087	0.002660	2.0
1558	-0.311522	116.974762	0.005582	2.5
1559	-0.349307	116.932476	0.007116	2.2
1560	-0.000000	116.890232	0.000000	1.7
1561	-0.142606	116.848028	0.002850	1.7
1562	-0.154598	116.805865	0.002751	1.6
1563	-0.139624	116.763743	0.003170	2.9
1564	-0.854042	116.721661	0.008589	2.6
1565	-0.769964	116.679619	0.008641	1.8
1566	-1.122258	116.637618	0.014159	3.1
1567	-1.082169	116.595657	0.020887	2.0
1568	-1.373394	116.553736	0.013032	3.1
1569	-0.000000	116.511855	0.000000	2.1
1570	-1.088884	116.470015	0.010778	1.6
1571	-0.420439	116.428214	0.007594	2.3
1572	-0.648474	116.386454	0.007484	1.8
1573	-1.142049	116.344733	0.011421	3.7
1574	-0.013437	116.303052	0.000754	2.0
1575	-1.080510	116.261412	0.047843	2.5
1576	-0.000000	116.219810	0.000000	2.8
1577	-0.139261	116.178249	0.003629	1.6
1578	-0.369329	116.136727	0.007824	2.8
1579	-0.432571	116.095245	0.010215	2.0
1580	-1.205051	116.053802	0.023762	2.3
1581	-1.423807	116.012398	0.012973	1.8
1582	-1.362970	115.971034	0.009318	1.6
1583	-1.103127	115.929710	0.047556	2.1
1584	-0.138369	115.888424	0.004453	2.7
1585	-0.000000	115.847178	0.000000	1.5
1586	-0.000000	115.805970	0.000000	2.4
1587	-0.830539	115.764802	0.036833	1.7
1588	-0.242909	115.723673	0.005899	2.3
1589	-0.599839	115.682583	0.003140	2.6
1590	-1.249176	115.641532	0.016168	2.2
1591	-0.000000	115.600519	0.000000	2.2
1592	-0.888934	115.559546	0.006958	1.6
1593	-1.030978	115.518610	0.019898	2.6
1594	-0.986522	115.477714	0.011675	2.6
1595	-0.034213	115.436856	0.003068	1.6
1596	-0.105731	115.396037	0.003635	2.3
1597	-1.239186	115.355256	0.023029	2.4
1598	-0.000000	115.314514	0.000000	1.3
1599	-0.009939	115.273810	0.001303	2.9
1600	-1.020971	115.233144	0.036209	2.9
1601	-0.000000	115.192517	0.000000	1.7
1602	-1.192223	115.151927	0.009588	1.9
1603	-1.348795	115.111376	0.005491	2.4
1604	-0.000000	115.070863	0.000000	1.4
1605	-0.623632	115.030388	0.016951	3.0
1606	-0.129521	114.989951	0.003658	2.4
1607	-0.925262	114.949551	0.010033	1.9
1608	-1.311711	114.909190	0.011650	1.8
1609	-0.601309	114.868866	0.021490	2.2
1610	-1.228246	114.828580	0.020063	1.6
1611	-1.282316	114.788332	0.028513	2.1
1612	-1.152883	114.748121	0.015019	2.6
1613	-0.165995	114.707948	0.005559	2.7
1614	-1.093126	114.667812	0.013694	3.0
1615	-0.925914	114.627714	0.009469	2.9
1616	-0.184358	114.587653	0.002323	3.0
1617	-1.006682	114.547629	0.010591	2.4
1618	-0.000000	114.507643	0.000000	1.8
1619	-0.000000	114.467693	0.000000	1.7
1620	-1.277793	114.427781	0.026568	2.3
1621	-1.175899	114.387907	0.025029	2.1
1622	-1.138873	114.348069	0.038878	2.2
1623	-0.426680	114.308268	0.009835	2.1
1624	-1.147637	114.268504	0.011594	1.5
1625	-1.098535	114.228777	0.011311	2.2
1626	-0.800577	114.189086	0.011432	2.0
1627	-0.000000	114.149433	0.000000	1.5
1628	-1.029613	114.109816	0.027758	2.8
1629	-0.000000	114.070235	0.000000	2.3
1630	-0.256007	114.030692	0.006293	1.6
1631	-0.655050	113.991185	0.012762	2.0
1632	-0.044261	113.951714	0.002036	2.4
1633	-0.611073	113.912280	0.017014	1.6
1634	-0.000000	113.872882	0.000000	2.1
1635	-0.168965	113.833521	0.004362	2.0
1636	-0.938630	113.794195	0.006897	2.9
1637	-0.742950	113.754906	0.008172	1.7
1638	-1.261231	113.715653	0.026781	2.3
1639	-1.172349	113.676437	0.009168	2.6
1640	-0.000000	113.637256	0.000000	1.2
1641	-0.000000	113.598111	0.000000	1.8
1642	-1.004674	113.559002	0.010325	1.6
1643	-0.970978	113.519929	0.012126	2.3
1644	-1.241932	113.480892	0.020222	1.8
1645	-0.000000	113.441891	0.000000	1.9
1646	-0.453567	113.402925	0.004898	2.5
1647	-1.115151	113.363995	0.009603	1.6
1648	-0.577545	113.325101	0.009752	2.7
1649	-1.174754	113.286242	0.017469	2.2
1650	-1.165821	113.247419	0.009629	1.6
1651	-1.028655	113.208631	0.008401	2.9
1652	-0.377081	113.169879	0.005684	2.3
1653	-0.683290	113.131162	0.020513	1.3
1654	-0.526361	113.092480	0.007489	3.5
1655	-0.899518	113.053833	0.014855	1.6
1656	-0.422135	113.015222	0.008739	2.2
1657	-0.957544	112.976646	0.008930	2.4
1658	-1.195383	112.938105	0.027281	2.6
1659	-0.000070	112.899599	0.000023	2.9
1660	-0.000016	112.861128	0.000005	1.8
1661	-0.000000	112.822692	0.000000	2.8
1662	-1.066776	112.784291	0.025405	1.7
1663	-0.248952	112.745924	0.003038	2.1
1664	-1.144866	112.707593	0.025259	2.9
1665	-1.356754	112.669296	0.035381	2.4
1666	-1.192908	112.631034	0.013661	1.4
1667	-0.000000	112.592806	0.000000	2.7
1668	-0.149122	112.554613	0.003476	1.4
1669	-0.001903	112.516455	0.000427	3.3
1670	-1.031220	112.478331	0.011166	1.5
1671	-0.000000	112.440241	0.000000	2.9
1672	-0.000000	112.402186	0.000000	2.2
1673	-1.291757	112.364165	0.034537	1.5
1674	-1.137529	112.326179	0.003781	2.6
1675	-0.855019	112.288227	0.007629	2.3
1676	-1.222614	112.250309	0.032274	1.4
1677	-0.182733	112.212425	0.002751	2.8
1678	-1.143741	112.174575	0.016367	2.9
1679	-0.821187	112.136759	0.007606	1.8
1680	-0.658994	112.098977	0.009843	2.0
1681	-0.000000	112.061229	0.000000	2.2
1682	-0.266125	112.023515	0.006676	1.7
1683	-1.291047	111.985834	0.017528	2.3
1684	-0.884408	111.948188	0.015655	1.8
1685	-0.860675	111.910575	0.004322	2.7
1686	-1.087022	111.872996	0.023377	3.1
1687	-0.214015	111.835450	0.005501	1.3
1688	-0.000000	111.797939	0.000000	3.1
1689	-0.201551	111.760460	0.004648	1.5
1690	-0.024163	111.723015	0.001181	3.3
1691	-0.000000	111.685604	0.000000	2.5
1692	-1.200212	111.648226	0.011689	1.5
1693	-0.129189	111.610881	0.003840	2.3
1694	-0.556976	111.573570	0.008153	1.4
1695	-1.231359	111.536292	0.010300	2.7
1696	-0.000000	111.499047	0.000000	2.6
1697	-0.000000	111.461835	0.000000	1.2
1698	-0.425004	111.424656	0.007151	2.9
1699	-0.977979	111.387510	0.005835	1.4
1700	-0.064905	111.350398	0.003621	2.5
1701	-0.000039	111.313318	0.000012	1.9
1702	-0.207210	111.276271	0.002466	1.5
1703	-0.825987	111.239257	0.011183	2.3
1704	-1.238184	111.202276	0.007055	1.5
1705	-0.818011	111.165328	0.008820	2.7
1706	-0.844870	111.128412	0.046682	2.5
1707	-1.189329	111.091529	0.026280	1.7
1708	-0.643131	111.054679	0.012605	2.5
1709	-1.351318	111.017861	0.008458	1.9
1710	-0.000000	110.981076	0.000000	2.2
1711	-0.000000	110.944323	0.000000	2.3
1712	-0.304477	110.907603	0.003879	1.4
1713	-1.214877	110.870915	0.021974	2.5
1714	-0.000000	110.834259	0.000000	2.8
1715	-0.858702	110.797636	0.006193	2.0
1716	-1.234242	110.761045	0.013122	1.8
1717	-0.737286	110.724486	0.021464	2.2
1718	-0.798125	110.687959	0.011773	2.2
1719	-0.745519	110.651465	0.016992	1.8
1720	-1.396781	110.615002	0.029688	1.7
1721	-0.000000	110.578572	0.000000	2.6
1722	-0.482489	110.542173	0.008525	1.9
1723	-0.001249	110.505807	0.000391	2.1
1724	-1.132172	110.469472	0.009346	1.6
1725	-0.842443	110.433169	0.013195	2.4
1726	-0.000000	110.396898	0.000000	1.6
1727	-1.123593	110.360659	0.014273	1.9
1728	-0.123675	110.324451	0.003709	2.2
1729	-0.663642	110.288276	0.015384	2.3
1730	-0.721007	110.252131	0.013865	1.6
1731	-1.018637	110.216019	0.009322	2.0
1732	-0.726318	110.179937	0.009473	2.9
1733	-0.902711	110.143888	0.005774	2.5
1734	-0.387822	110.107869	0.006288	2.8
1735	-0.169286	110.071882	0.004193	1.3
1736	-0.478699	110.035927	0.005557	2.9
1737	-0.991844	110.000003	0.003860	1.9
1738	-1.131615	109.964110	0.028385	2.3
1739	-0.551521	109.928248	0.006100	1.9
1740	-0.729326	109.892417	0.008667	2.5
1741	-1.006730	109.856618	0.028951	3.4
1742	-0.951706	109.820850	0.028045	2.8
1743	-0.715611	109.785112	0.012670	2.5
1744	-1.229809	109.749406	0.014269	3.1
1745	-0.000240	109.713730	0.000044	1.7
1746	-1.240386	109.678086	0.017388	1.8
1747	-0.349922	109.642472	0.003792	2.6
1748	-0.653081	109.606890	0.020118	2.3
1749	-0.000000	109.571337	0.000000	1.4
1750	-0.493561	109.535816	0.014771	3.2
1751	-0.000000	109.500326	0.000000	1.3
1752	-0.000000	109.464866	0.000000	2.3
1753	-0.961157	109.429436	0.016170	2.3
1754	-0.850062	109.394038	0.016911	1.4
1755	-1.217784	109.358669	0.016054	2.2
1756	-0.000000	109.323331	0.000000	1.3
1757	-0.525670	109.288024	0.006161	2.3
1758	-1.187567	109.252747	0.014176	2.9
1759	-0.400912	109.217501	0.006726	1.5
1760	-0.997443	109.182284	0.010485	2.7
1761	-0.000000	109.147098	0.000000	2.2
1762	-0.666055	109.111942	0.011669	1.5
1763	-1.292464	109.076817	0.019181	2.3
1764	-1.020675	109.041721	0.012944	2.3
1765	-0.752853	109.006656	0.016184	1.8
1766	-1.144853	108.971620	0.011866	2.3
1767	-1.190187	108.936615	0.026871	1.6
1768	-1.302531	108.901640	0.018049	2.0
1769	-0.962244	108.866694	0.011635	1.9
1770	-1.311070	108.831779	0.016882	2.2
1771	-0.000000	108.796893	0.000000	1.8
1772	-0.113232	108.762037	0.004181	2.4
1773	-0.000000	108.727211	0.000000	1.2
1774	-0.000000	108.692415	0.000000	1.8
1775	-0.443531	108.657648	0.006641	1.6
1776	-1.217389	108.622911	0.013727	2.7
1777	-0.584208	108.588203	0.012426	1.2
1778	-0.012785	108.553525	0.000938	2.9
1779	-0.798101	108.518877	0.014422	2.3
1780	-0.235193	108.484258	0.006835	1.8
1781	-1.203983	108.449668	0.006487	2.5
1782	-0.528815	108.415108	0.001976	2.0
1783	-0.006808	108.380578	0.000134	1.7
1784	-1.146224	108.346076	0.022280	2.5
1785	-0.923543	108.311604	0.007798	2.5
1786	-0.726058	108.277161	0.012710	3.2
1787	-1.317703	108.242747	0.020217	2.7
1788	-0.690498	108.208363	0.021386	1.7
1789	-0.050411	108.174007	0.002362	2.6
1790	-0.791546	108.139681	0.009659	1.8
1791	-0.333438	108.105383	0.006007	1.8
1792	-0.000000	108.071115	0.000000	1.6
1793	-0.758155	108.036875	0.007644	2.8
1794	-0.000004	108.002665	0.000002	2.3
1795	-0.000000	107.968483	0.000000	1.5
1796	-0.053838	107.934330	0.002631	2.8
1797	-0.108168	107.900206	0.004682	2.3
1798	-1.161992	107.866111	0.045430	1.8
1799	-1.167715	107.832044	0.012004	2.6
1800	-0.783714	107.798007	0.006537	3.0
1801	-0.020308	107.763997	0.001659	1.5
1802	-0.000000	107.730017	0.000000	2.8
1803	-0.915434	107.696065	0.028023	1.8
1804	-1.108601	107.662141	0.023270	1.8
1805	-0.325421	107.628246	0.008480	2.4
1806	-1.199451	107.594379	0.017927	1.4
1807	-1.044652	107.560541	0.017916	2.6
1808	-0.751112	107.526731	0.012099	1.8
1809	-0.000000	107.492949	0.000000	1.5
1810	-0.000000	107.459196	0.000000	2.0
1811	-1.145870	107.425471	0.021164	2.2
1812	-0.058503	107.391774	0.002105	2.1
1813	-0.980381	107.358106	0.018232	1.7
1814	-0.111719	107.324465	0.004584	3.3
1815	-0.436609	107.290853	0.007388	1.5
1816	-1.328411	107.257268	0.015965	2.2
1817	-0.000001	107.223712	0.000000	1.9
1818	-0.000281	107.190184	0.000083	2.2
1819	-0.798534	107.156683	0.008578	2.5
1820	-1.272265	107.123211	0.016205	1.8
1821	-1.070825	107.089766	0.010524	1.6
1822	-0.888360	107.056349	0.007940	2.2
1823	-0.621644	107.022960	0.009257	3.3
1824	-1.218910	106.989599	0.008442	1.5
1825	-1.107665	106.956265	0.012073	2.1
1826	-0.864001	106.922960	0.004354	2.4
1827	-0.000000	106.889681	0.000000	1.5
1828	-0.682679	106.856431	0.012433	2.2
1829	-0.299130	106.823208	0.004447	1.6
1830	-1.168058	106.790012	0.008180	1.9
1831	-0.006124	106.756844	0.000667	2.0
1832	-0.017452	106.723703	0.001698	2.5
1833	-1.006286	106.690590	0.024581	1.6
1834	-1.221593	106.657505	0.039368	2.0
1835	-1.064382	106.624446	0.021223	2.4
1836	-0.000000	106.591415	0.000000	1.4
1837	-1.265660	106.558411	0.027010	3.6
1838	-1.181035	106.525435	0.012457	1.6
1839	-0.000006	106.492485	0.000002	2.3
1840	-0.628402	106.459563	0.014061	2.6
1841	-0.899994	106.426668	0.006527	1.7
1842	-0.008707	106.393800	0.000509	1.9
1843	-0.294848	106.360959	0.004575	2.7
1844	-1.006052	106.328145	0.026273	2.9
1845	-0.980583	106.295358	0.015223	1.7
1846	-0.617055	106.262598	0.012374	2.9
1847	-0.846505	106.229865	0.046776	2.5
1848	-1.088061	106.197158	0.012061	2.4
1849	-0.207300	106.164479	0.004844	1.9
1850	-0.995543	106.131826	0.036265	1.6
1851	-1.206742	106.099201	0.032456	2.4
1852	-0.255719	106.066602	0.001584	2.9
1853	-0.182001	106.034029	0.008736	1.4
1854	-0.093329	106.001483	0.006541	2.1
1855	-0.912816	105.968964	0.013348	2.1
1856	-0.811898	105.936472	0.026858	1.7
1857	-0.875323	105.904006	0.011473	2.8
1858	-0.269544	105.871566	0.003558	1.4
1859	-0.832798	105.839153	0.006027	2.7
1860	-1.126506	105.806767	0.017317	2.2
1861	-0.888271	105.774407	0.015300	2.1
1862	-0.586709	105.742073	0.010666	2.0
1863	-1.260227	105.709766	0.021170	3.5
1864	-0.103524	105.677485	0.003882	1.5
1865	-0.043455	105.645230	0.002982	2.0
1866	-1.303758	105.613001	0.011919	2.6
1867	-0.000000	105.580799	0.000000	1.5
1868	-1.067836	105.548623	0.008064	2.1
1869	-0.475716	105.516473	0.011888	2.3
1870	-0.945385	105.484349	0.016758	3.1
1871	-1.300449	105.452251	0.020314	1.8
1872	-1.381284	105.420179	0.008069	2.2
1873	-0.822382	105.388133	0.008828	1.7
1874	-0.851981	105.356113	0.013880	2.7
1875	-0.182632	105.324119	0.004419	2.6
1876	-1.005979	105.292151	0.006092	1.9
1877	-0.896287	105.260209	0.032813	1.5
1878	-0.000000	105.228293	0.000000	2.7
1879	-1.174921	105.196402	0.016803	1.6
1880	-1.129656	105.164537	0.010675	2.4
1881	-0.935792	105.132698	0.014641	2.9
1882	-0.000196	105.100885	0.000051	1.7
1883	-0.000930	105.069097	0.000116	2.5
1884	-0.000000	105.037335	0.000000	1.9
1885	-0.735310	105.005598	0.015979	2.8
1886	-0.086698	104.973887	0.002530	2.0
1887	-0.686385	104.942202	0.009659	1.4
1888	-1.293868	104.910542	0.052797	3.6
1889	-1.093022	104.878907	0.005949	1.4
1890	-0.000000	104.847298	0.000000	2.9
1891	-1.269068	104.815715	0.034292	2.4
1892	-0.854210	104.784156	0.007345	1.5
1893	-1.273255	104.752623	0.012438	2.2
1894	-0.012393	104.721116	0.000865	2.9
1895	-0.284577	104.689633	0.001970	2.4
1896	-0.000000	104.658176	0.000000	1.5
1897	-0.150991	104.626744	0.003464	2.0
1898	-1.116037	104.595337	0.030913	2.3
1899	-0.032927	104.563955	0.001379	1.6
1900	-0.837847	104.532599	0.005773	2.5
1901	-0.929833	104.501267	0.012164	1.6
1902	-1.094065	104.469960	0.027953	2.6
1903	-0.000000	104.438679	0.000000	2.4
1904	-0.447612	104.407422	0.010228	1.4
1905	-0.952008	104.376191	0.008110	2.9
1906	-0.843127	104.344984	0.008044	1.7
1907	-0.984040	104.313802	0.015491	2.6
1908	-1.043803	104.282645	0.019986	2.8
1909	-0.787514	104.251513	0.017055	2.1
1910	-0.174978	104.220405	0.005859	1.8
1911	-0.000000	104.189323	0.000000	1.9
1912	-1.031206	104.158265	0.008707	2.2
1913	-1.268691	104.127231	0.014093	2.3
1914	-0.602011	104.096222	0.010028	1.8
1915	-0.000000	104.065238	0.000000	1.1
1916	-1.032126	104.034279	0.018149	2.1
1917	-0.093803	104.003344	0.003094	1.6
1918	-0.000000	103.972433	0.000000	1.9
1919	-0.799246	103.941547	0.010779	2.1
1920	-0.231691	103.910686	0.002888	2.6
1921	-0.000000	103.879849	0.000000	1.4
1922	-1.209046	103.849036	0.026354	2.8
1923	-0.189949	103.818248	0.008796	1.9
1924	-1.252786	103.787484	0.009917	1.7
1925	-0.776842	103.756744	0.008360	3.0
1926	-0.791897	103.726029	0.006481	1.5
1927	-0.164851	103.695338	0.005449	2.4
1928	-0.428802	103.664671	0.005675	1.5
1929	-0.559929	103.634028	0.007041	3.0
1930	-0.000000	103.603409	0.000000	2.4
1931	-1.116804	103.572814	0.012409	1.6
1932	-0.932655	103.542244	0.012851	2.3
1933	-1.076245	103.511698	0.012908	1.8
1934	-0.473807	103.481175	0.006901	1.8
1935	-0.746325	103.450677	0.004368	1.5
1936	-1.305354	103.420202	0.013904	2.5
1937	-1.089558	103.389752	0.011820	1.7
1938	-0.000000	103.359325	0.000000	2.3
1939	-0.008525	103.328922	0.000342	1.5
1940	-0.047725	103.298543	0.002867	2.8
1941	-1.174266	103.268188	0.044487	2.2
1942	-0.708553	103.237857	0.008572	1.6
1943	-0.557357	103.207549	0.007275	2.7
1944	-1.252831	103.177265	0.013093	2.0
1945	-1.204517	103.147005	0.035611	1.8
1946	-0.000000	103.116768	0.000000	1.8
1947	-0.845464	103.086556	0.013811	3.3
1948	-0.934058	103.056366	0.013973	1.8
1949	-1.097713	103.026200	0.008014	2.9
1950	-0.099542	102.996058	0.006815	3.1
1951	-0.666667	102.965939	0.008581	3.3
1952	-0.657371	102.935844	0.005363	1.8
1953	-1.309709	102.905772	0.030075	2.8
1954	-1.320368	102.875724	0.026651	1.6
1955	-0.000000	102.845699	0.000000	2.0
1956	-1.244175	102.815697	0.006181	2.9
1957	-1.238653	102.785719	0.031850	2.3
1958	-1.227835	102.755764	0.022271	1.6
1959	-0.865968	102.725832	0.010083	2.8
1960	-0.978698	102.695924	0.004932	2.5
1961	-1.089872	102.666038	0.021908	2.8
1962	-0.835836	102.636176	0.029150	1.6
1963	-0.288203	102.606337	0.004780	3.0
1964	-1.172546	102.576521	0.012487	2.0
1965	-1.023128	102.546728	0.008956	1.7
1966	-1.313513	102.516959	0.026096	3.3
1967	-0.000000	102.487212	0.000000	1.4
1968	-0.227685	102.457488	0.004920	2.3
1969	-1.195299	102.427788	0.011917	1.8
1970	-0.001793	102.398110	0.000346	2.8
1971	-0.927033	102.368455	0.007186	2.5
1972	-0.140787	102.338823	0.001675	3.1
1973	-0.494118	102.309214	0.015934	2.5
1974	-1.059823	102.279628	0.015176	3.8
1975	-1.147321	102.250064	0.014626	1.6
1976	-1.323393	102.220524	0.011868	2.2
1977	-0.000000	102.191006	0.000000	3.0
1978	-0.725112	102.161511	0.015254	1.8
1979	-0.752257	102.132038	0.007263	2.8
1980	-0.925977	102.102588	0.001502	2.7
1981	-0.746017	102.073161	0.002952	2.8
1982	-0.000000	102.043757	0.000000	2.4
1983	-0.990146	102.014375	0.004723	1.7
1984	-0.000000	101.985015	0.000000	3.4
1985	-1.202470	101.955678	0.021980	2.9
1986	-0.000000	101.926364	0.000000	2.0
1987	-0.897281	101.897072	0.004370	1.7
1988	-1.226611	101.867802	0.029228	3.0
1989	-0.000000	101.838555	0.000000	3.2
1990	-1.239181	101.809330	0.016012	1.9
1991	-1.109577	101.780128	0.014647	2.6
1992	-0.172724	101.750948	0.003080	3.0
1993	-1.329051	101.721790	0.013296	1.5
1994	-1.341129	101.692654	0.009579	3.8
1995	-0.000000	101.663541	0.000000	1.6
1996	-1.277603	101.634450	0.039645	2.5
1997	-0.518944	101.605381	0.006129	1.6
1998	-0.127185	101.576335	0.005129	2.2
1999	-1.016784	101.547310	0.013511	2.2
