1:ItNr	2:Metric	3:StepSize	4:||Gradient||	Time[ms]
0	-0.656641	627.201626	0.012662	471.4
1	-0.491072	623.504937	0.012027	2.7
2	-0.393041	619.865785	0.005745	2.1
3	-0.071169	616.282728	0.009347	2.8
4	-0.626724	612.754375	0.015797	2.7
5	0.000000	609.279381	0.000000	2.0
6	0.000000	605.856447	0.000000	3.6
7	-0.858533	602.484317	0.008186	3.0
8	-1.036335	599.161779	0.023267	3.5
9	-0.564171	595.887656	0.016964	3.8
10	-0.495184	592.660813	0.008648	2.8
11	-0.005275	589.480151	0.000709	3.0
12	-0.000000	586.344606	0.000000	2.3
13	0.000000	583.253145	0.000000	2.8
14	-0.616989	580.204771	0.011819	2.1
15	-0.594638	577.198517	0.007544	2.8
16	-0.642017	574.233444	0.014385	3.4
17	-0.547142	571.308645	0.017369	3.7
18	-1.008193	568.423237	0.011342	2.2
19	-0.560625	565.576365	0.009717	2.8
20	-0.657158	562.767201	0.014217	2.4
21	-0.298017	559.994938	0.010776	2.3
22	-0.990456	557.258797	0.026916	2.3
23	-0.380862	554.558018	0.006105	2.9
24	-0.904583	551.891865	0.042887	2.0
25	-0.596225	549.259621	0.010213	3.7
26	-0.721714	546.660592	0.010516	2.4
27	-0.736832	544.094102	0.019932	2.9
28	-0.000000	541.559494	0.000000	2.2
29	-0.664683	539.056129	0.017148	2.1
30	-0.878440	536.583387	0.039285	3.1
31	-0.958113	534.140663	0.019165	2.0
32	-0.203854	531.727370	0.002982	3.1
33	-0.722250	529.342935	0.023335	2.6
34	-0.395417	526.986802	0.007371	2.6
35	-0.000000	524.658430	0.000000	2.3
36	-0.923907	522.357290	0.013452	2.8
37	-0.941214	520.082868	0.026628	2.0
38	-0.246345	517.834665	0.002114	3.8
39	0.000000	515.612193	0.000000	1.8
40	-0.887950	513.414976	0.024079	2.9
41	-0.794384	511.242551	0.023171	2.2
42	-0.061475	509.094468	0.005582	2.2
43	-0.704370	506.970285	0.025806	2.9
44	-0.904965	504.869574	0.026865	2.0
45	-0.120639	502.791916	0.006642	2.7
46	-0.579811	500.736903	0.021005	3.1
47	0.000000	498.704137	0.000000	2.8
48	-0.615934	496.693228	0.017839	2.9
49	-0.562245	494.703798	0.021610	3.2
50	-0.262517	492.735476	0.011345	1.7
51	-0.509304	490.787900	0.017588	3.3
52	-0.542835	488.860718	0.010528	3.0
53	-0.000000	486.953585	0.000000	2.9
54	-0.940230	485.066164	0.016476	2.1
55	-0.769418	483.198126	0.008217	2.1
56	-0.003368	481.349149	0.000051	2.9
57	-0.486599	479.518920	0.013483	2.4
58	-0.083765	477.707132	0.003199	2.7
59	-0.507638	475.913485	0.013940	2.4
60	-0.507316	474.137684	0.010982	2.6
61	-0.259331	472.379445	0.008218	3.3
62	-0.672179	470.638485	0.012492	2.9
63	-0.000000	468.914531	0.000000	2.9
64	-0.160440	467.207315	0.005973	2.1
65	-0.879283	465.516573	0.019245	3.4
66	-0.376037	463.842050	0.009266	1.8
67	0.000000	462.183494	0.000000	2.9
68	-0.574564	460.540658	0.009452	3.1
69	-0.000006	458.913303	0.000002	2.7
70	0.000000	457.301192	0.000000	2.8
71	0.000000	455.704096	0.000000	2.5
72	-0.569413	454.121787	0.007841	1.9
73	-0.847208	452.554045	0.021515	3.0
74	-0.583673	451.000653	0.009222	3.3
75	-0.505849	449.461399	0.011334	1.9
76	-0.783377	447.936075	0.019820	3.2
77	-0.650545	446.424477	0.010958	2.7
78	0.000000	444.926406	0.000000	2.7
79	-0.103845	443.441666	0.004179	3.0
80	0.000000	441.970065	0.000000	2.3
81	-0.163367	440.511415	0.004800	2.6
82	-0.753470	439.065533	0.012538	3.0
83	-0.587286	437.632238	0.012616	2.4
84	-0.928415	436.211351	0.024960	3.0
85	-0.847694	434.802701	0.032465	2.9
86	-0.246591	433.406117	0.005079	2.2
87	-0.012335	432.021430	0.000192	3.0
88	-0.834329	430.648479	0.033586	4.2
89	-0.661185	429.287101	0.015531	1.8
90	-0.332608	427.937140	0.004468	3.0
91	-0.549041	426.598440	0.006004	3.0
92	-0.342357	425.270849	0.007196	3.1
93	-0.611603	423.954220	0.015982	4.2
94	-0.177528	422.648404	0.004603	1.8
95	-0.892412	421.353259	0.021156	3.1
96	0.000000	420.068643	0.000000	2.8
97	-0.751857	418.794419	0.012446	2.7
98	-0.603586	417.530451	0.021840	3.9
99	-0.325067	416.276604	0.003070	2.1
100	-0.871415	415.032748	0.008646	2.9
101	-0.493755	413.798754	0.014827	2.8
102	-0.309909	412.574495	0.007282	1.9
103	-0.761419	411.359849	0.014125	2.8
104	-0.895352	410.154691	0.034058	3.1
105	-0.875471	408.958904	0.015862	3.0
106	-0.027014	407.772368	0.003548	2.6
107	-0.512174	406.594968	0.009836	2.1
108	-0.014191	405.426590	0.000309	2.8
109	-0.425228	404.267122	0.018142	2.4
110	-0.479832	403.116456	0.008917	3.0
111	-0.592717	401.974481	0.010324	1.9
112	-0.592788	400.841093	0.016180	3.1
113	-0.209580	399.716187	0.008079	2.1
114	-0.065471	398.599660	0.001977	2.3
115	-0.010926	397.491411	0.001741	2.9
116	-0.682182	396.391342	0.008136	2.9
117	-0.335505	395.299353	0.014447	1.8
118	-0.000045	394.215350	0.000042	3.2
119	-0.105350	393.139238	0.002099	2.5
120	-0.206027	392.070924	0.007284	1.8
121	-0.130587	391.010316	0.003476	4.1
122	0.000000	389.957325	0.000000	3.2
123	0.000000	388.911862	0.000000	4.3
124	0.000000	387.873839	0.000000	4.8
125	-0.759685	386.843173	0.025434	4.9
126	-0.984364	385.819777	0.026721	5.4
127	-0.988046	384.803569	0.044647	8.0
128	-0.814004	383.794468	0.018769	6.3
129	-0.252023	382.792393	0.002745	9.2
130	-0.888645	381.797264	0.021375	11.5
131	-0.622010	380.809005	0.009206	8.7
132	-0.411645	379.827537	0.009625	9.5
133	-0.669327	378.852786	0.013152	10.0
134	-0.014862	377.884678	0.003234	6.9
135	-0.002708	376.923138	0.000723	5.7
136	-0.068202	375.968095	0.001208	11.4
137	0.000000	375.019479	0.000000	5.9
138	0.000000	374.077218	0.000000	9.3
139	-0.053939	373.141244	0.000994	5.3
140	-0.903329	372.211489	0.011627	8.1
141	-0.848388	371.287887	0.015781	7.7
142	-0.007787	370.370370	0.000451	6.3
143	-0.581961	369.458876	0.008202	3.7
144	-0.611464	368.553338	0.010045	4.7
145	-0.903788	367.653696	0.027899	3.4
146	-0.306878	366.759885	0.002418	3.8
147	-0.490272	365.871846	0.017523	4.1
148	-0.884793	364.989518	0.007012	3.8
149	-0.236306	364.112841	0.010672	3.9
150	0.000000	363.241757	0.000000	3.6
151	-0.843257	362.376208	0.023235	4.1
152	-0.342735	361.516137	0.003803	4.4
153	-0.000746	360.661488	0.000133	3.7
154	-0.000000	359.812206	0.000000	3.8
155	-0.005113	358.968236	0.000198	3.0
156	-0.261614	358.129524	0.007639	3.1
157	-0.810956	357.296018	0.009197	9.8
158	-0.805477	356.467665	0.010302	5.6
159	-0.597563	355.644414	0.005124	5.1
160	-0.586248	354.826213	0.013074	4.8
161	-0.516197	354.013012	0.013065	6.6
162	-0.771176	353.204763	0.026217	4.4
163	-0.790366	352.401415	0.035649	5.1
164	0.000000	351.602922	0.000000	5.9
165	-0.524123	350.809235	0.006990	6.2
166	-0.421074	350.020308	0.012061	5.9
167	-0.439927	349.236095	0.006744	5.2
168	-0.000000	348.456550	0.000000	3.4
169	-0.934039	347.681627	0.028092	4.7
170	-0.476293	346.911283	0.017700	5.5
171	-0.979078	346.145474	0.027052	3.3
172	-0.490795	345.384157	0.005958	3.8
173	0.000000	344.627288	0.000000	4.0
174	-0.346177	343.874826	0.005111	6.3
175	-0.891912	343.126729	0.016215	6.5
176	-0.495730	342.382957	0.010344	7.7
177	-0.799728	341.643469	0.022743	4.9
178	0.000000	340.908224	0.000000	2.8
179	-0.932591	340.177184	0.029765	3.4
180	-0.805090	339.450309	0.010077	3.3
181	-0.797381	338.727561	0.029603	3.8
182	-0.275899	338.008902	0.005192	4.3
183	-0.000000	337.294295	0.000000	6.8
184	-0.669806	336.583703	0.025560	4.9
185	-0.000000	335.877089	0.000000	4.6
186	-0.665822	335.174416	0.023285	6.4
187	-0.393411	334.475651	0.016418	4.6
188	-0.075872	333.780756	0.000471	5.8
189	-0.324373	333.089698	0.005170	5.2
190	0.000000	332.402443	0.000000	5.4
191	-0.616659	331.718955	0.008089	3.6
192	-0.529470	331.039203	0.006392	3.5
193	-0.000000	330.363153	0.000000	4.3
194	-0.671595	329.690771	0.006596	5.0
195	-0.301686	329.022027	0.008819	3.8
196	-0.806032	328.356888	0.034611	4.3
197	-0.500839	327.695322	0.010749	3.5
198	-0.940294	327.037299	0.030593	2.8
199	-0.495959	326.382787	0.009076	3.4
200	-0.835832	325.731758	0.014735	3.2
201	-0.049807	325.084179	0.001987	3.4
202	-0.851194	324.440023	0.035330	2.3
203	-0.001887	323.799258	0.000646	3.8
204	-0.000594	323.161858	0.000400	3.7
205	-0.204468	322.527792	0.003060	2.7
206	-0.621381	321.897034	0.016987	2.9
207	0.000000	321.269554	0.000000	3.5
208	-0.207187	320.645325	0.003779	3.9
209	-0.520246	320.024320	0.008208	2.9
210	0.000000	319.406512	0.000000	3.1
211	-0.273196	318.791875	0.010256	2.7
212	-0.879374	318.180381	0.008005	4.0
213	-0.983146	317.572005	0.008466	2.0
214	-0.227510	316.966721	0.004066	3.8
215	-0.009365	316.364504	0.000290	3.5
216	0.000000	315.765329	0.000000	3.3
217	-0.479777	315.169170	0.010778	3.0
218	-0.765093	314.576003	0.013461	2.3
219	-0.012049	313.985804	0.001373	3.4
220	-0.680118	313.398548	0.005823	4.1
221	-0.066628	312.814213	0.003149	3.8
222	-0.000000	312.232773	0.000000	2.0
223	-0.618515	311.654207	0.015251	2.9
224	-0.668501	311.078491	0.014718	3.3
225	-0.773381	310.505602	0.033672	3.5
226	-0.000000	309.935518	0.000000	2.0
227	-0.000000	309.368217	0.000000	2.8
228	-0.771065	308.803676	0.004545	3.3
229	-0.740059	308.241874	0.005015	2.8
230	-0.594472	307.682789	0.009101	2.5
231	-0.553229	307.126400	0.007083	3.1
232	-0.570481	306.572687	0.025027	3.3
233	-0.871716	306.021627	0.030578	2.7
234	-0.655992	305.473201	0.012029	3.7
235	-0.955333	304.927388	0.021652	3.0
236	-0.801320	304.384168	0.008606	2.3
237	-0.004957	303.843521	0.000294	3.3
238	-0.735785	303.305427	0.036238	2.4
239	-0.034855	302.769867	0.001490	2.2
240	-0.849074	302.236821	0.014355	4.8
241	-0.478247	301.706270	0.004497	1.8
242	-0.488170	301.178196	0.010316	3.2
243	-0.508948	300.652580	0.007603	2.7
244	-0.369732	300.129402	0.008907	1.9
245	-0.090431	299.608645	0.003561	2.9
246	-0.159109	299.090291	0.003860	3.0
247	-0.419514	298.574321	0.007395	3.4
248	0.000000	298.060718	0.000000	3.6
249	-0.230065	297.549465	0.002232	1.7
250	-0.862543	297.040543	0.017390	3.1
251	-0.000000	296.533936	0.000000	3.5
252	-0.869669	296.029626	0.032274	2.2
253	-0.865093	295.527597	0.023725	2.8
254	-0.793944	295.027832	0.034193	2.8
255	-0.570722	294.530315	0.010295	2.6
256	-0.000000	294.035028	0.000000	2.3
257	-0.206666	293.541956	0.006858	2.6
258	-0.601779	293.051083	0.016974	2.2
259	0.000000	292.562393	0.000000	3.2
260	-0.484788	292.075870	0.012079	2.2
261	-0.284249	291.591498	0.006149	3.5
262	-0.756441	291.109263	0.013565	2.4
263	-0.000097	290.629149	0.000029	2.5
264	-0.840903	290.151140	0.006915	2.7
265	-0.615062	289.675222	0.009110	2.2
266	-0.001529	289.201380	0.000067	3.2
267	-0.586744	288.729600	0.015589	2.3
268	-0.345536	288.259866	0.005520	3.0
269	-0.536845	287.792165	0.007687	3.9
270	-0.015700	287.326481	0.001614	1.8
271	-0.869749	286.862802	0.024856	3.0
272	-0.981280	286.401113	0.023225	2.7
273	-0.000078	285.941400	0.000050	2.8
274	-0.373351	285.483649	0.006500	2.8
275	-0.000005	285.027847	0.000002	2.5
276	-1.016540	284.573981	0.032304	1.7
277	-0.450141	284.122037	0.023545	3.2
278	-0.723686	283.672002	0.012991	3.2
279	-0.788262	283.223863	0.017421	2.5
280	0.000000	282.777607	0.000000	2.8
281	-0.126822	282.333221	0.002441	2.8
282	-0.334893	281.890692	0.005744	2.7
283	-0.706942	281.450008	0.034818	3.3
284	-0.103100	281.011157	0.003593	3.0
285	-0.970056	280.574125	0.011089	2.4
286	-0.991708	280.138901	0.007598	2.9
287	-0.337218	279.705473	0.011617	2.8
288	-0.744945	279.273829	0.008357	2.6
289	-0.000000	278.843956	0.000000	2.3
290	-0.000480	278.415844	0.000064	2.6
291	-0.924363	277.989479	0.033413	3.0
292	-0.000000	277.564851	0.000000	1.9
293	0.000000	277.141949	0.000000	2.7
294	-0.008899	276.720761	0.000245	2.0
295	-0.848822	276.301275	0.032209	2.2
296	-0.953577	275.883480	0.039669	2.7
297	-0.461070	275.467366	0.004263	2.9
298	-0.879606	275.052922	0.010834	3.6
299	-0.909079	274.640136	0.027582	3.2
300	0.000000	274.228998	0.000000	3.5
301	-0.011024	273.819497	0.000149	2.9
302	-0.944746	273.411623	0.025698	2.2
303	-0.875171	273.005365	0.009857	4.8
304	-0.536753	272.600712	0.011312	3.0
305	-0.743651	272.197655	0.035384	1.7
306	-0.015481	271.796184	0.000446	3.6
307	0.000000	271.396287	0.000000	2.3
308	-0.020923	270.997956	0.001794	1.8
309	-0.461690	270.601180	0.002985	3.6
310	-0.533859	270.205949	0.008719	2.2
311	-0.870500	269.812254	0.010690	2.1
312	-0.046910	269.420085	0.002273	2.9
313	-0.664520	269.029432	0.026081	2.0
314	-0.000000	268.640287	0.000000	2.8
315	0.000000	268.252638	0.000000	2.6
316	-0.566243	267.866478	0.010984	2.7
317	-0.000000	267.481796	0.000000	3.3
318	-0.000000	267.098584	0.000000	2.3
319	-0.790987	266.716833	0.029292	2.1
320	-0.000000	266.336533	0.000000	3.4
321	-0.730007	265.957676	0.018797	1.9
322	-0.711759	265.580253	0.027785	2.7
323	-0.000000	265.204254	0.000000	2.6
324	-0.156419	264.829672	0.004137	2.3
325	-0.290588	264.456497	0.009323	3.2
326	-0.057896	264.084721	0.002795	3.4
327	-0.000000	263.714335	0.000000	1.7
328	-0.578639	263.345332	0.012658	3.3
329	-0.619450	262.977702	0.009216	1.9
330	-0.434480	262.611438	0.005840	3.2
331	-0.850226	262.246531	0.027923	3.3
332	-0.396811	261.882973	0.008320	1.9
333	-0.400755	261.520756	0.017766	3.5
334	0.000000	261.159871	0.000000	2.2
335	-0.488138	260.800312	0.004702	2.4
336	-0.000000	260.442070	0.000000	2.2
337	0.000000	260.085137	0.000000	2.6
338	-0.289000	259.729505	0.005484	1.6
339	-0.593414	259.375167	0.011823	3.5
340	0.000000	259.022116	0.000000	2.6
341	-0.001322	258.670343	0.000072	2.4
342	-0.781219	258.319841	0.005875	2.4
343	-0.000000	257.970602	0.000000	2.8
344	-0.021390	257.622620	0.001737	2.9
345	-0.804988	257.275887	0.031635	3.0
346	-0.852449	256.930396	0.008131	2.9
347	-0.806017	256.586139	0.027451	2.7
348	-0.540152	256.243109	0.006540	2.9
349	-0.378932	255.901300	0.003895	2.1
350	-0.006618	255.560703	0.001393	2.1
351	0.000000	255.221313	0.000000	2.4
352	-0.716294	254.883122	0.008561	2.6
353	-0.356019	254.546124	0.009615	3.3
354	-0.863308	254.210311	0.019593	2.6
355	-0.572891	253.875677	0.008072	2.7
356	-0.001497	253.542215	0.000046	2.3
357	-0.521371	253.209918	0.015783	2.0
358	-0.777730	252.878781	0.007314	4.6
359	-0.057417	252.548795	0.001630	3.4
360	-0.454721	252.219956	0.008904	4.0
361	-0.000000	251.892255	0.000000	4.6
362	-0.047000	251.565688	0.002088	3.9
363	-0.584921	251.240247	0.010959	4.1
364	-0.556465	250.915926	0.014198	4.3
365	-0.664447	250.592720	0.012670	4.4
366	-0.470249	250.270621	0.015113	4.2
367	-0.000119	249.949624	0.000018	4.0
368	-0.694451	249.629723	0.009581	4.7
369	-0.000000	249.310911	0.000000	5.1
370	-0.019989	248.993182	0.003712	5.0
371	-0.039508	248.676531	0.001298	4.1
372	-0.135928	248.360952	0.004723	6.2
373	-0.775865	248.046438	0.009944	8.1
374	-0.000000	247.732984	0.000000	5.1
375	-0.454478	247.420584	0.016447	4.8
376	-0.795702	247.109233	0.025158	5.5
377	-0.429880	246.798924	0.006681	4.3
378	-0.142784	246.489652	0.008407	3.6
379	-1.032315	246.181412	0.012962	3.3
380	-0.000000	245.874197	0.000000	3.7
381	-0.707217	245.568002	0.011071	2.0
382	-0.791453	245.262822	0.034156	3.6
383	-0.932360	244.958652	0.031430	3.8
384	-0.637587	244.655485	0.008270	2.9
385	-1.104052	244.353317	0.036301	2.2
386	-0.000000	244.052142	0.000000	4.1
387	-0.630035	243.751955	0.010967	3.3
388	-0.032175	243.452750	0.002984	1.8
389	-0.581331	243.154523	0.009829	4.1
390	0.000000	242.857268	0.000000	3.9
391	-0.990797	242.560980	0.022775	3.8
392	0.000000	242.265654	0.000000	3.2
393	-0.917645	241.971285	0.012850	3.3
394	-0.979235	241.677868	0.043713	3.9
395	-0.526643	241.385397	0.006212	3.1
396	-0.906297	241.093869	0.007185	1.7
397	-0.067093	240.803278	0.001661	3.0
398	-0.784930	240.513619	0.039969	3.6
399	-0.480653	240.224887	0.005890	3.5
400	-0.875513	239.937077	0.023715	3.3
401	-0.777038	239.650186	0.023009	4.0
402	-0.000000	239.364207	0.000000	4.2
403	-0.418958	239.079136	0.011786	6.2
404	-0.000000	238.794969	0.000000	2.9
405	-0.044569	238.511701	0.002004	3.2
406	-0.000000	238.229327	0.000000	2.6
407	-0.208188	237.947843	0.002530	4.2
408	-0.505751	237.667244	0.010381	3.3
409	-0.000000	237.387526	0.000001	3.8
410	-0.080940	237.108684	0.005544	3.9
411	-0.572508	236.830714	0.007298	4.1
412	-0.390933	236.553610	0.002233	3.8
413	-0.517007	236.277370	0.016195	4.0
414	-0.003754	236.001989	0.000003	3.9
415	-0.931875	235.727461	0.014847	3.2
416	-0.042787	235.453784	0.003192	4.0
417	-0.865970	235.180952	0.014870	3.8
418	-0.754387	234.908962	0.009046	4.0
419	-0.132638	234.637809	0.002147	3.6
420	-0.731388	234.367488	0.009245	3.4
421	-0.989180	234.097997	0.041208	3.3
422	-0.036463	233.829331	0.002954	3.1
423	-0.402232	233.561485	0.005585	2.1
424	-0.844996	233.294456	0.038434	3.3
425	-0.272179	233.028239	0.002361	4.3
426	-0.681218	232.762831	0.026035	3.2
427	-0.498664	232.498228	0.010125	4.3
428	-0.003399	232.234425	0.000118	3.8
429	-0.000000	231.971419	0.000000	3.8
430	-0.550833	231.709205	0.009747	4.0
431	-0.468223	231.447781	0.007339	4.3
432	0.000000	231.187141	0.000000	3.5
433	-0.709451	230.927283	0.023244	3.6
434	-0.839293	230.668202	0.012368	2.9
435	-0.983647	230.409895	0.009189	3.4
436	-0.000000	230.152358	0.000000	3.0
437	-0.555061	229.895587	0.006942	2.4
438	-0.734204	229.639578	0.028634	3.9
439	0.000000	229.384329	0.000000	2.2
440	0.000000	229.129834	0.000000	2.3
441	-0.876261	228.876091	0.009745	2.9
442	-0.580492	228.623096	0.010292	3.3
443	-0.000000	228.370846	0.000000	2.6
444	-0.003565	228.119336	0.000428	4.2
445	-0.000000	227.868563	0.000000	3.1
446	-0.845350	227.618525	0.018801	2.0
447	-0.114115	227.369216	0.002331	2.9
448	-0.892926	227.120635	0.007025	2.2
449	-0.786854	226.872777	0.029730	4.1
450	-0.222306	226.625638	0.005316	2.1
451	-0.823757	226.379217	0.009702	2.6
452	-0.013567	226.133509	0.001505	2.4
453	-0.516973	225.888510	0.010088	2.8
454	-0.987604	225.644218	0.011144	4.1
455	-0.690606	225.400630	0.011223	3.1
456	-0.955808	225.157741	0.033542	2.1
457	0.000000	224.915549	0.000000	2.4
458	-0.267818	224.674051	0.011522	2.8
459	-0.567794	224.433242	0.035816	2.4
460	-0.388605	224.193121	0.011194	4.2
461	-1.029264	223.953684	0.008563	1.8
462	-0.706269	223.714927	0.022988	4.0
463	-0.831982	223.476848	0.025048	3.0
464	0.000000	223.239444	0.000000	2.3
465	-0.326543	223.002710	0.005183	2.2
466	-0.992861	222.766645	0.017594	2.7
467	-1.065695	222.531245	0.028572	2.3
468	-0.053189	222.296508	0.003137	2.5
469	-0.048186	222.062429	0.002496	2.0
470	-0.489104	221.829007	0.007143	4.2
471	-0.717155	221.596238	0.014031	2.1
472	-0.568972	221.364119	0.010268	3.1
473	-0.483481	221.132647	0.008503	3.7
474	0.000000	220.901820	0.000000	3.2
475	-0.721772	220.671634	0.010863	2.8
476	-0.603038	220.442086	0.009534	2.8
477	-1.000906	220.213174	0.018761	2.6
478	0.000000	219.984895	0.000000	3.3
479	-0.782175	219.757246	0.010316	4.1
480	-0.665501	219.530224	0.011680	1.8
481	-0.657326	219.303826	0.010020	3.0
482	-0.484663	219.078050	0.004829	2.8
483	-0.964070	218.852893	0.022075	2.9
484	-0.723324	218.628352	0.014986	4.5
485	-0.801546	218.404424	0.009251	2.8
486	-0.774069	218.181106	0.029012	3.7
487	-0.973332	217.958397	0.009206	1.8
488	0.000000	217.736292	0.000000	2.8
489	-0.529424	217.514790	0.009341	3.7
490	-0.084008	217.293888	0.002880	2.5
491	-0.367001	217.073584	0.005320	2.3
492	-0.000012	216.853873	0.000000	3.1
493	-0.004565	216.634755	0.000277	2.5
494	0.000000	216.416227	0.000000	2.3
495	-0.383589	216.198285	0.005696	2.5
496	-0.583865	215.980927	0.008838	2.3
497	-0.100186	215.764151	0.004243	2.7
498	-0.977310	215.547955	0.020601	3.0
499	-0.580861	215.332335	0.006695	2.2
500	-0.770551	215.117289	0.012963	4.4
501	-0.000000	214.902815	0.000000	2.7
502	-0.899094	214.688911	0.007022	2.7
503	-0.809479	214.475573	0.013543	2.6
504	-0.680527	214.262800	0.026450	4.6
505	0.000000	214.050588	0.000000	1.9
506	-0.879237	213.838936	0.033241	4.2
507	-0.529378	213.627842	0.003514	1.9
508	-0.405303	213.417302	0.005577	3.5
509	-0.001447	213.207314	0.001736	3.0
510	-0.582901	212.997877	0.006843	3.7
511	0.000000	212.788987	0.000000	3.1
512	0.000000	212.580642	0.000000	2.4
513	0.000000	212.372841	0.000000	2.2
514	-0.025639	212.165581	0.004153	2.8
515	-0.687423	211.958859	0.008337	2.9
516	-0.227692	211.752673	0.003989	2.6
517	-0.093132	211.547021	0.005191	2.5
518	-0.600717	211.341902	0.009010	2.0
519	-0.044537	211.137311	0.000503	3.2
520	-0.012430	210.933248	0.002658	2.6
521	-0.355475	210.729710	0.006532	2.0
522	-0.839954	210.526695	0.009292	3.7
523	-0.498099	210.324200	0.020069	2.0
524	-0.242595	210.122224	0.003156	2.8
525	-0.139774	209.920765	0.003201	2.7
526	-0.788131	209.719820	0.023163	4.3
527	-0.281234	209.519387	0.004324	1.8
528	-0.529337	209.319463	0.009415	3.0
529	0.000000	209.120048	0.000000	2.8
530	0.000000	208.921139	0.000000	3.0
531	-0.516878	208.722733	0.011731	2.3
532	-0.432805	208.524829	0.008657	3.5
533	-0.177437	208.327425	0.004927	2.1
534	0.000000	208.130518	0.000000	2.8
535	-0.054695	207.934107	0.003567	2.8
536	-0.630500	207.738189	0.009432	2.9
537	-0.704065	207.542762	0.005566	2.7
538	-0.000000	207.347825	0.000000	2.1
539	-0.682957	207.153376	0.020260	2.1
540	-0.607334	206.959412	0.019702	3.6
541	-0.914816	206.765932	0.031880	2.0
542	-0.827145	206.572933	0.039299	2.6
543	-0.272700	206.380414	0.009801	2.4
544	0.000000	206.188373	0.000000	2.6
545	-0.836087	205.996807	0.009516	2.1
546	-0.013657	205.805716	0.000178	2.6
547	-0.000752	205.615096	0.000024	2.2
548	-0.012171	205.424946	0.002233	4.0
549	-0.297686	205.235265	0.005547	2.5
550	-0.763242	205.046050	0.007483	2.9
551	-0.916555	204.857299	0.021072	2.4
552	-0.793588	204.669011	0.013754	3.2
553	0.000000	204.481184	0.000000	2.6
554	-0.686034	204.293816	0.008564	2.2
555	-0.827975	204.106905	0.006384	2.0
556	-0.434512	203.920449	0.006029	3.0
557	-0.978240	203.734447	0.026716	3.4
558	-0.932032	203.548896	0.029588	2.8
559	-0.815749	203.363795	0.011491	3.0
560	-0.000026	203.179143	0.000026	2.6
561	-0.130944	202.994937	0.003500	3.5
562	-1.080591	202.811176	0.036678	2.4
563	-0.015171	202.627857	0.000832	2.3
564	-0.662158	202.444980	0.008730	3.0
565	-0.732636	202.262543	0.009707	2.3
566	-0.786891	202.080543	0.010983	2.8
567	-0.000000	201.898979	0.000000	2.6
568	-0.741974	201.717849	0.017520	2.4
569	-0.937898	201.537153	0.025502	2.6
570	-0.752257	201.356887	0.009727	2.1
571	-0.867521	201.177050	0.019972	2.0
572	0.000000	200.997642	0.000000	3.0
573	-0.768204	200.818659	0.020269	3.0
574	-0.558907	200.640100	0.009940	2.8
575	-0.484646	200.461965	0.006328	1.9
576	-0.755706	200.284250	0.008194	2.8
577	-0.993725	200.106955	0.009674	2.1
578	0.000000	199.930078	0.000000	3.3
579	0.000000	199.753617	0.000000	2.2
580	-1.078948	199.577571	0.034406	2.7
581	-0.917835	199.401938	0.038722	1.8
582	-0.680319	199.226717	0.008743	2.7
583	0.000000	199.051905	0.000000	2.0
584	-0.197696	198.877502	0.011031	2.8
585	-0.468755	198.703506	0.007067	2.8
586	-0.719404	198.529916	0.008910	1.6
587	-0.612443	198.356729	0.011785	3.4
588	-0.469936	198.183944	0.007364	4.6
589	-0.557420	198.011560	0.006388	2.8
590	-0.892650	197.839576	0.015874	3.0
591	-0.000005	197.667989	0.000005	2.0
592	-0.333038	197.496798	0.010254	3.0
593	-0.871352	197.326002	0.022791	2.9
594	-0.701179	197.155600	0.008036	2.3
595	-0.001180	196.985589	0.000041	3.5
596	-0.918039	196.815969	0.017964	3.1
597	-0.108260	196.646738	0.002878	3.2
598	0.000000	196.477894	0.000000	2.2
599	-0.491097	196.309436	0.005993	4.0
600	-0.675882	196.141363	0.008013	3.8
601	-0.386332	195.973673	0.010917	3.9
602	-0.742586	195.806365	0.011243	3.8
603	-0.344822	195.639437	0.004403	4.1
604	-0.400459	195.472888	0.007857	3.9
605	-0.280080	195.306717	0.012609	3.0
606	-0.657582	195.140922	0.014810	2.8
607	-0.001591	194.975501	0.000150	2.7
608	0.000000	194.810454	0.000000	2.5
609	-0.720310	194.645779	0.005067	2.3
610	-0.716280	194.481475	0.009631	2.6
611	0.000000	194.317540	0.000000	2.6
612	-0.608690	194.153973	0.008701	2.1
613	-0.769923	193.990773	0.017295	4.2
614	-0.678628	193.827938	0.009911	3.5
615	-0.060875	193.665467	0.001800	2.9
616	-0.727790	193.503358	0.008763	3.4
617	-0.293036	193.341611	0.006218	3.4
618	-0.000000	193.180224	0.000000	2.9
619	-0.900581	193.019196	0.027243	2.4
620	-0.004029	192.858525	0.000319	3.2
621	-0.660916	192.698210	0.020148	3.1
622	-0.000000	192.538251	0.000000	3.7
623	-0.913676	192.378644	0.016640	2.3
624	-0.701853	192.219391	0.013994	3.6
625	-0.266797	192.060488	0.007128	3.5
626	-0.447656	191.901935	0.005775	3.2
627	-0.055130	191.743730	0.001588	2.1
628	-0.338259	191.585873	0.005188	4.3
629	-0.890637	191.428362	0.025744	1.9
630	-0.245008	191.271196	0.003015	3.4
631	-0.236858	191.114374	0.007912	2.7
632	-0.931135	190.957893	0.014084	1.6
633	0.000000	190.801755	0.000000	3.0
634	-0.661833	190.645956	0.020832	2.9
635	-0.828894	190.490495	0.033585	1.6
636	-0.000131	190.335373	0.000131	3.4
637	-0.913638	190.180587	0.028438	2.9
638	-0.165218	190.026136	0.004904	2.6
639	-0.483001	189.872019	0.004367	3.6
640	-0.083934	189.718235	0.007549	1.8
641	-0.000059	189.564782	0.000030	3.4
642	-0.815800	189.411661	0.010418	2.5
643	-0.715717	189.258868	0.020195	2.2
644	-0.881243	189.106404	0.008726	2.5
645	-1.004226	188.954267	0.029949	4.5
646	-0.324416	188.802456	0.004689	2.6
647	-0.786005	188.650969	0.008768	3.5
648	-0.011997	188.499807	0.001351	3.4
649	-0.353951	188.348967	0.002595	3.9
650	-0.860359	188.198448	0.008135	4.6
651	-0.682101	188.048250	0.008249	4.9
652	0.000000	187.898371	0.000000	4.0
653	-0.443543	187.748810	0.005705	4.2
654	-0.000000	187.599566	0.000000	4.6
655	-0.791066	187.450638	0.014065	3.4
656	-0.503379	187.302025	0.007112	3.1
657	-0.841849	187.153725	0.009472	3.2
658	0.000000	187.005739	0.000000	3.1
659	-0.800875	186.858064	0.007967	3.9
660	-0.598939	186.710699	0.007551	2.9
661	-0.000000	186.563645	0.000000	2.9
662	-0.825952	186.416898	0.008195	4.1
663	-0.889909	186.270459	0.011907	3.8
664	-0.373724	186.124326	0.009973	5.0
665	-0.015291	185.978499	0.001355	4.3
666	-0.000000	185.832976	0.000000	6.7
667	-0.483791	185.687756	0.005170	4.2
668	-0.003605	185.542838	0.000143	4.1
669	-0.808501	185.398222	0.006272	4.0
670	-0.669620	185.253906	0.008482	3.8
671	-0.000000	185.109889	0.000000	2.9
672	-0.000000	184.966170	0.000000	4.2
673	0.000000	184.822748	0.000000	3.1
674	-0.941556	184.679623	0.036810	3.3
675	-0.850167	184.536792	0.014872	3.4
676	-0.915175	184.394256	0.008416	3.8
677	-0.000000	184.252013	0.000000	3.2
678	-0.176131	184.110062	0.008103	3.5
679	-1.002599	183.968403	0.019294	3.1
680	-0.000000	183.827034	0.000000	3.2
681	-0.901626	183.685954	0.025235	2.6
682	-1.020723	183.545163	0.010357	3.6
683	-0.000038	183.404658	0.000034	3.3
684	-0.159765	183.264441	0.003140	3.5
685	-0.086254	183.124509	0.004695	3.8
686	-1.043758	182.984861	0.024233	3.3
687	-0.686173	182.845497	0.006964	4.1
688	-0.513157	182.706416	0.011753	3.4
689	-0.930955	182.567616	0.014395	3.6
690	-0.946811	182.429098	0.014818	3.0
691	-0.796474	182.290859	0.005791	4.0
692	-0.007131	182.152899	0.000303	2.8
693	0.000000	182.015217	0.000000	2.3
694	-0.452551	181.877813	0.003918	4.1
695	-0.010987	181.740684	0.002528	3.7
696	-0.248335	181.603832	0.001759	3.9
697	-0.887817	181.467253	0.029917	3.9
698	0.000000	181.330948	0.000000	3.0
699	-0.038911	181.194916	0.000967	2.3
700	0.000000	181.059155	0.000000	3.2
701	-0.939579	180.923666	0.045894	3.8
702	-0.913824	180.788446	0.015415	3.1
703	-0.754358	180.653496	0.007361	3.3
704	-0.000000	180.518814	0.000000	2.8
705	-0.414089	180.384399	0.003523	4.0
706	-1.029304	180.250251	0.017626	3.9
707	-0.846820	180.116369	0.010262	3.9
708	-0.276676	179.982752	0.004758	4.0
709	-0.009080	179.849398	0.000104	4.6
710	-0.623421	179.716308	0.007598	4.0
711	-0.000000	179.583480	0.000000	3.4
712	-0.884533	179.450913	0.013030	3.9
713	0.000000	179.318607	0.000000	1.9
714	-0.980483	179.186561	0.005848	4.0
715	-0.136597	179.054774	0.003024	3.0
716	-0.575702	178.923245	0.012602	2.4
717	-0.449945	178.791973	0.003077	3.6
718	-1.015961	178.660958	0.013451	3.2
719	-0.557436	178.530199	0.007950	2.3
720	-0.746208	178.399694	0.008982	3.5
721	-0.262398	178.269444	0.003459	3.3
722	-0.760669	178.139447	0.007796	3.8
723	-0.980903	178.009702	0.006148	4.0
724	-0.399350	177.880209	0.005949	3.9
725	-0.715576	177.750967	0.006503	2.6
726	-0.000060	177.621975	0.000008	2.5
727	-0.715372	177.493232	0.009599	4.7
728	-0.000000	177.364738	0.000000	2.8
729	-0.858483	177.236492	0.009353	2.6
730	-0.869369	177.108492	0.017834	3.5
731	0.000000	176.980739	0.000000	4.3
732	-0.320284	176.853231	0.003530	3.4
733	-0.796159	176.725968	0.011229	2.6
734	-0.296664	176.598949	0.012457	2.4
735	-0.932268	176.472173	0.006903	3.3
736	-0.624998	176.345639	0.009579	3.8
737	-0.824280	176.219348	0.015882	2.6
738	-0.547432	176.093296	0.005620	3.2
739	-0.213357	175.967486	0.003068	3.5
740	-0.594616	175.841914	0.004930	3.8
741	0.000000	175.716581	0.000000	3.2
742	0.000000	175.591486	0.000000	2.3
743	-0.059674	175.466629	0.005869	3.2
744	-0.996920	175.342008	0.011162	3.8
745	-0.496659	175.217622	0.005703	3.7
746	-0.092331	175.093472	0.002761	2.2
747	-0.023071	174.969556	0.006381	3.8
748	-0.984972	174.845873	0.035252	4.1
749	-0.000000	174.722423	0.000000	3.1
750	-0.113017	174.599206	0.004188	2.8
751	-0.657379	174.476220	0.008812	2.4
752	-0.851632	174.353464	0.010060	3.9
753	-0.479311	174.230939	0.010631	3.3
754	-0.014122	174.108643	0.001427	2.4
755	-0.843812	173.986576	0.015804	3.7
756	0.000000	173.864737	0.000000	1.6
757	-0.005358	173.743124	0.001008	3.6
758	-0.010304	173.621739	0.000579	2.9
759	-1.010547	173.500579	0.026818	3.4
760	-0.000000	173.379645	0.000000	1.5
761	-0.758476	173.258935	0.009786	3.6
762	-0.048820	173.138449	0.001596	3.0
763	-0.782462	173.018186	0.008502	3.0
764	-0.707767	172.898146	0.008114	2.1
765	-0.023172	172.778327	0.001027	2.2
766	-0.719169	172.658730	0.008590	2.8
767	-0.000000	172.539353	0.000000	3.3
768	-0.235539	172.420196	0.005857	2.7
769	-0.669715	172.301258	0.005930	2.3
770	-0.082966	172.182539	0.003722	2.6
771	-0.516600	172.064037	0.020193	2.1
772	-0.371191	171.945753	0.005055	2.7
773	-0.000000	171.827686	0.000000	2.1
774	-0.559643	171.709834	0.007175	2.7
775	-1.071710	171.592198	0.023952	2.6
776	-0.011910	171.474776	0.001964	1.6
777	-0.589615	171.357568	0.018292	3.3
778	-0.847221	171.240574	0.054336	2.5
779	0.000000	171.123793	0.000000	1.8
780	-0.000000	171.007223	0.000000	2.5
781	-0.011440	170.890865	0.000509	2.9
782	-0.106837	170.774718	0.005744	1.5
783	-0.679005	170.658782	0.009239	3.2
784	-0.524282	170.543055	0.014695	2.4
785	-0.018568	170.427537	0.003091	1.9
786	-0.000300	170.312227	0.000127	2.7
787	-0.097991	170.197125	0.006587	3.8
788	-0.622640	170.082231	0.036147	2.9
789	-1.009934	169.967543	0.007758	2.4
790	-0.672402	169.853061	0.024627	4.0
791	-1.018288	169.738784	0.018113	3.4
792	-0.874775	169.624713	0.015621	2.6
793	-0.983001	169.510845	0.007364	2.3
794	-0.370844	169.397181	0.007864	2.7
795	-0.899528	169.283720	0.024185	2.6
796	-0.499099	169.170462	0.005151	3.0
797	-0.000000	169.057405	0.000000	2.1
798	-0.000219	168.944549	0.000020	2.5
799	-0.838875	168.831895	0.032508	1.9
800	-0.314780	168.719440	0.004629	2.8
801	-0.004660	168.607185	0.000155	2.8
802	-0.925577	168.495129	0.028053	4.0
803	0.000000	168.383271	0.000000	2.3
804	-0.692147	168.271611	0.008128	2.7
805	-0.341440	168.160148	0.012876	3.2
806	-0.298193	168.048882	0.013325	1.9
807	-0.910839	167.937812	0.031215	2.9
808	-0.888100	167.826938	0.010277	2.9
809	-0.681879	167.716258	0.026758	2.8
810	-0.859712	167.605773	0.010167	2.7
811	-0.094299	167.495482	0.003891	2.7
812	-0.000000	167.385384	0.000000	2.6
813	0.000000	167.275479	0.000000	1.7
814	-0.765846	167.165766	0.005462	2.6
815	-0.666811	167.056245	0.005018	2.7
816	-0.859130	166.946915	0.023488	2.7
817	-1.047209	166.837776	0.013349	2.4
818	-0.512709	166.728826	0.005330	1.9
819	-0.736169	166.620067	0.010368	3.2
820	-0.609800	166.511496	0.009175	3.8
821	-0.434954	166.403113	0.006718	2.1
822	-0.000147	166.294919	0.000015	3.4
823	-0.645918	166.186912	0.004930	2.0
824	-0.687288	166.079091	0.007450	3.3
825	-0.000000	165.971458	0.000000	3.6
826	-0.903964	165.864009	0.009743	1.8
827	0.000000	165.756747	0.000000	2.7
828	-1.033559	165.649669	0.006755	2.8
829	-0.587826	165.542775	0.009636	2.9
830	-0.955320	165.436065	0.010729	2.7
831	-0.840086	165.329538	0.028178	3.0
832	-0.000000	165.223194	0.000000	1.9
833	-0.000000	165.117032	0.000000	2.5
834	-0.792148	165.011052	0.006625	2.8
835	0.000000	164.905253	0.000000	2.2
836	-0.731140	164.799635	0.009886	3.8
837	-0.593970	164.694197	0.006541	2.5
838	0.000000	164.588939	0.000000	2.4
839	-0.113756	164.483859	0.003259	3.1
840	-1.010394	164.378959	0.011606	2.9
841	0.000000	164.274237	0.000000	2.2
842	-0.773148	164.169692	0.006715	3.4
843	-0.456911	164.065325	0.006249	1.9
844	-0.844747	163.961135	0.005239	4.3
845	-0.054184	163.857120	0.000628	2.1
846	-0.860524	163.753282	0.024932	3.1
847	-0.678146	163.649619	0.006859	2.1
848	-0.482779	163.546130	0.009018	3.2
849	-0.634466	163.442816	0.006816	4.1
850	0.000000	163.339676	0.000000	1.4
851	-1.073211	163.236709	0.016749	3.3
852	0.000000	163.133915	0.000000	2.3
853	0.000000	163.031294	0.000000	1.4
854	-0.378602	162.928844	0.002515	3.2
855	-0.866909	162.826566	0.039126	2.6
856	-0.000000	162.724459	0.000000	2.8
857	-0.581109	162.622523	0.007043	2.8
858	-0.411729	162.520757	0.002725	2.7
859	-0.000000	162.419160	0.000000	2.6
860	-0.031947	162.317733	0.004492	2.5
861	-0.589675	162.216474	0.008391	2.9
862	-0.000000	162.115383	0.000000	2.0
863	-0.685824	162.014461	0.028119	2.6
864	-0.615140	161.913705	0.019452	2.9
865	-0.463885	161.813117	0.009544	2.2
866	-0.306268	161.712695	0.008655	2.7
867	-0.876360	161.612439	0.009313	2.5
868	-0.071051	161.512349	0.001050	2.5
869	-0.405339	161.412424	0.003648	3.2
870	-0.008763	161.312663	0.000148	3.1
871	-0.129383	161.213067	0.001605	2.0
872	-0.039895	161.113635	0.002506	4.3
873	-0.278858	161.014366	0.006352	2.1
874	-0.152546	160.915260	0.003995	2.7
875	-0.000674	160.816316	0.000074	2.1
876	-0.000006	160.717535	0.000002	2.7
877	-0.173090	160.618915	0.004235	3.7
878	-0.818376	160.520456	0.013264	2.7
879	-0.739740	160.422158	0.028710	2.1
880	-0.057221	160.324021	0.002607	2.8
881	-0.623899	160.226043	0.012861	2.9
882	0.000000	160.128225	0.000000	2.4
883	-0.557432	160.030566	0.005632	2.5
884	-0.595563	159.933066	0.005202	2.7
885	-0.870257	159.835723	0.009307	2.3
886	-0.000000	159.738539	0.000000	2.5
887	-0.037159	159.641512	0.002328	2.7
888	-0.905250	159.544642	0.017386	3.4
889	0.000000	159.447929	0.000000	1.8
890	-1.024182	159.351372	0.008404	2.6
891	-0.486982	159.254971	0.004585	3.1
892	-0.077833	159.158725	0.004721	2.6
893	-0.482985	159.062634	0.005344	2.7
894	-0.763510	158.966697	0.009879	3.5
895	-0.474160	158.870915	0.012758	1.7
896	-1.080863	158.775286	0.012761	4.0
897	-0.773173	158.679811	0.006543	3.8
898	-0.880064	158.584489	0.025074	3.6
899	-0.879379	158.489319	0.005470	1.7
900	-0.766460	158.394302	0.009592	3.3
901	-0.733496	158.299436	0.008412	2.6
902	-0.000000	158.204721	0.000000	3.4
903	-1.069549	158.110158	0.020116	1.8
904	-0.661992	158.015745	0.007838	3.4
905	0.000000	157.921482	0.000000	1.9
906	-0.329696	157.827369	0.004868	2.5
907	0.000000	157.733406	0.000000	1.8
908	-0.822537	157.639591	0.021546	4.1
909	-0.000000	157.545925	0.000000	2.1
910	-0.329623	157.452408	0.003215	3.0
911	-0.370749	157.359038	0.010017	1.6
912	-1.050156	157.265816	0.018681	3.4
913	-0.927757	157.172741	0.026073	2.8
914	-0.731759	157.079813	0.004791	2.4
915	-0.680541	156.987031	0.005984	2.7
916	-0.614012	156.894395	0.004397	3.2
917	-1.065666	156.801904	0.009981	2.1
918	-1.120653	156.709559	0.020919	3.3
919	-0.717621	156.617359	0.006442	2.7
920	-0.484369	156.525304	0.014651	2.9
921	-0.826544	156.433392	0.015999	2.7
922	-0.000000	156.341624	0.000001	2.4
923	-0.683994	156.250000	0.008986	2.9
924	-0.000000	156.158519	0.000000	2.4
925	-0.619207	156.067180	0.007376	2.4
926	-1.004706	155.975984	0.008112	2.7
927	-0.127105	155.884930	0.009708	2.6
928	-0.357182	155.794017	0.003098	2.6
929	-0.034490	155.703246	0.005382	3.5
930	-0.000000	155.612615	0.000000	2.0
931	-0.764689	155.522125	0.005609	3.6
932	-1.041495	155.431775	0.027658	2.1
933	-0.783084	155.341565	0.005419	3.2
934	-0.000000	155.251495	0.000000	2.1
935	-0.003679	155.161563	0.000565	3.1
936	-0.949952	155.071771	0.011438	3.4
937	-0.000001	154.982117	0.000003	1.7
938	-0.671611	154.892601	0.010748	3.0
939	0.000000	154.803222	0.000000	2.2
940	-0.059008	154.713981	0.006447	3.2
941	-0.000287	154.624878	0.000021	3.9
942	-0.491372	154.535910	0.012124	2.7
943	-0.095517	154.447080	0.002500	2.9
944	-0.473393	154.358385	0.004814	3.0
945	-0.869765	154.269826	0.025387	2.7
946	-0.626328	154.181402	0.008558	1.9
947	-0.585563	154.093114	0.006989	4.1
948	-0.671965	154.004960	0.013571	2.2
949	-0.801564	153.916940	0.007605	2.5
950	-0.672589	153.829054	0.008372	3.3
951	-0.000000	153.741303	0.000000	3.3
952	-0.583654	153.653684	0.007913	1.7
953	-0.002574	153.566198	0.000087	3.4
954	0.000000	153.478846	0.000000	2.2
955	-0.937295	153.391625	0.020244	2.0
956	-0.767790	153.304537	0.010891	2.8
957	-0.687920	153.217580	0.011500	2.8
958	-0.972989	153.130755	0.010908	2.6
959	-0.713603	153.044061	0.009261	1.8
960	-0.918111	152.957498	0.008038	2.8
961	-0.782528	152.871065	0.008961	2.2
962	-0.000000	152.784762	0.000000	3.1
963	-1.077303	152.698589	0.010197	2.0
964	-0.053044	152.612545	0.001570	3.6
965	-0.491579	152.526631	0.004992	3.8
966	-1.016196	152.440845	0.018009	3.2
967	0.000000	152.355188	0.000000	1.9
968	-0.582632	152.269660	0.007808	3.8
969	-0.623027	152.184259	0.004279	3.4
970	-0.454219	152.098986	0.007964	3.5
971	-0.153499	152.013840	0.001563	3.4
972	-0.559089	151.928821	0.009168	2.5
973	-0.326204	151.843928	0.007489	3.9
974	-0.772480	151.759163	0.012539	3.3
975	-0.829993	151.674523	0.008302	2.8
976	-0.785175	151.590009	0.025685	2.9
977	-1.130612	151.505620	0.024708	4.0
978	-0.460910	151.421357	0.012897	3.9
979	-1.036533	151.337218	0.018601	3.5
980	-0.576269	151.253204	0.006921	3.9
981	-0.000000	151.169314	0.000000	3.4
982	-0.000000	151.085549	0.000000	3.7
983	-0.452252	151.001907	0.012108	4.2
984	-0.882052	150.918388	0.007906	3.3
985	-0.326753	150.834992	0.005316	3.8
986	-0.453301	150.751719	0.006678	4.6
987	-0.000536	150.668569	0.000092	3.7
988	-0.041826	150.585541	0.000688	4.1
989	-0.935883	150.502634	0.007442	4.4
990	-0.371113	150.419849	0.004965	4.7
991	-0.692106	150.337186	0.036003	5.0
992	-0.742718	150.254644	0.006707	4.7
993	-0.544943	150.172222	0.006036	5.9
994	-0.000000	150.089921	0.000000	4.4
995	0.000000	150.007740	0.000000	3.6
996	-0.000000	149.925679	0.000000	3.4
997	-0.752934	149.843737	0.020168	4.7
998	-0.000000	149.761915	0.000000	4.0
999	-0.000950	149.680212	0.000054	4.7
1000	-0.000000	149.598627	0.000000	5.0
1001	-0.120054	149.517161	0.003111	3.7
1002	-0.118037	149.435814	0.004535	4.6
1003	-0.810895	149.354584	0.007617	3.3
1004	-0.271973	149.273472	0.009875	3.3
1005	-0.038799	149.192477	0.001892	3.3
1006	-0.271504	149.111599	0.002273	3.1
1007	0.000000	149.030838	0.000000	2.8
1008	-0.735428	148.950194	0.005717	3.4
1009	-0.588594	148.869666	0.006246	4.0
1010	-0.000418	148.789253	0.000022	4.3
1011	-0.000000	148.708957	0.000000	4.3
1012	-1.049369	148.628776	0.009524	5.6
1013	-0.000004	148.548710	0.000003	7.3
1014	-0.983481	148.468759	0.012060	6.7
1015	-0.089500	148.388923	0.002767	4.2
1016	0.000000	148.309201	0.000000	5.5
1017	-0.899195	148.229594	0.031638	5.5
1018	-0.000000	148.150100	0.000000	5.8
1019	-0.000069	148.070719	0.000072	6.8
1020	-0.947303	147.991452	0.009141	4.4
1021	0.000000	147.912298	0.000000	4.0
1022	-0.000000	147.833257	0.000000	5.7
1023	-0.914392	147.754329	0.033794	7.3
1024	-0.480981	147.675512	0.004244	4.8
1025	-0.899862	147.596808	0.008189	5.7
1026	-0.177223	147.518216	0.007508	5.0
1027	-0.608625	147.439735	0.007504	9.2
1028	-0.782110	147.361365	0.008539	6.0
1029	-0.000000	147.283106	0.000000	7.7
1030	-0.794365	147.204958	0.043061	9.5
1031	-0.177781	147.126920	0.004034	8.0
1032	-0.028738	147.048993	0.003133	4.5
1033	-0.874230	146.971175	0.007944	5.9
1034	-0.967952	146.893468	0.028181	5.2
1035	-1.014276	146.815869	0.030217	5.2
1036	-0.960425	146.738380	0.007649	5.7
1037	-0.670818	146.661000	0.006529	3.5
1038	-0.527411	146.583729	0.005983	3.9
1039	-0.680684	146.506566	0.007184	5.3
1040	-1.016776	146.429511	0.024528	6.5
1041	-0.845734	146.352565	0.010992	5.3
1042	-0.468465	146.275726	0.002971	6.0
1043	-0.000576	146.198994	0.000034	5.9
1044	-0.780556	146.122370	0.010627	4.7
1045	-0.608780	146.045853	0.007484	4.9
1046	-0.000709	145.969442	0.000259	4.3
1047	-0.826766	145.893139	0.006620	3.3
1048	-0.349755	145.816941	0.007274	3.0
1049	-0.468713	145.740849	0.004683	5.6
1050	-0.395213	145.664863	0.007422	3.9
1051	-0.512326	145.588983	0.004390	3.6
1052	-0.000000	145.513208	0.000000	2.7
1053	-0.284143	145.437538	0.005733	5.1
1054	-0.690830	145.361973	0.008962	4.0
1055	-0.871086	145.286513	0.016484	4.1
1056	-0.967057	145.211157	0.016486	3.3
1057	-0.479421	145.135905	0.010076	3.8
1058	-0.022208	145.060757	0.000372	3.1
1059	-0.823230	144.985712	0.024726	3.4
1060	-0.616721	144.910771	0.005044	2.8
1061	-0.122273	144.835934	0.002141	3.4
1062	-0.005082	144.761199	0.000484	4.3
1063	-0.821056	144.686567	0.010826	3.2
1064	-0.839211	144.612037	0.033514	3.0
1065	-0.246885	144.537610	0.008947	3.4
1066	-0.830945	144.463285	0.010359	3.2
1067	-0.970290	144.389062	0.006418	3.1
1068	-0.667637	144.314940	0.008563	2.6
1069	-0.920050	144.240920	0.018482	2.9
1070	-0.732163	144.167001	0.020996	3.6
1071	-0.721730	144.093182	0.011855	4.0
1072	-0.435722	144.019465	0.013020	4.1
1073	-0.848652	143.945848	0.022098	4.4
1074	-0.715773	143.872331	0.007948	3.6
1075	-0.447195	143.798914	0.006326	3.3
1076	-0.847554	143.725597	0.017510	3.9
1077	-0.840947	143.652380	0.012612	3.1
1078	0.000000	143.579262	0.000000	2.1
1079	-0.831753	143.506243	0.023397	2.4
1080	-0.351331	143.433323	0.004620	4.3
1081	-0.966752	143.360502	0.015901	3.6
1082	-0.899276	143.287780	0.024387	2.3
1083	-0.416302	143.215155	0.004168	2.8
1084	-0.016351	143.142629	0.004667	3.1
1085	-0.127214	143.070201	0.004555	3.2
1086	-0.823246	142.997870	0.007062	2.7
1087	0.000000	142.925637	0.000000	2.5
1088	-0.982661	142.853501	0.008595	3.6
1089	-0.000000	142.781462	0.000000	3.4
1090	-0.918301	142.709519	0.022385	3.9
1091	-0.117656	142.637674	0.007333	3.4
1092	-0.153368	142.565924	0.007024	2.6
1093	-0.735079	142.494271	0.019297	2.5
1094	-0.687483	142.422714	0.007140	4.3
1095	-0.724594	142.351252	0.004200	3.4
1096	-1.012655	142.279886	0.023137	2.9
1097	0.000000	142.208616	0.000000	3.3
1098	-0.218512	142.137440	0.002061	4.0
1099	-0.561744	142.066360	0.008581	4.7
1100	-0.555801	141.995374	0.005507	3.8
1101	-0.000000	141.924483	0.000000	2.0
1102	-0.918235	141.853685	0.005961	3.6
1103	-0.662623	141.782983	0.010282	4.1
1104	-0.000000	141.712373	0.000000	1.9
1105	-0.903492	141.641858	0.005404	4.4
1106	-0.486350	141.571436	0.006852	2.8
1107	-0.510297	141.501108	0.017965	2.6
1108	-0.548806	141.430872	0.005489	3.8
1109	-0.402319	141.360730	0.005314	2.1
1110	0.000000	141.290680	0.000000	2.1
1111	-0.483211	141.220722	0.007952	2.7
1112	0.000000	141.150857	0.000000	2.6
1113	-0.373014	141.081084	0.004188	2.2
1114	0.000000	141.011403	0.000000	3.2
1115	-0.583251	140.941813	0.006839	2.9
1116	-0.000601	140.872315	0.000090	3.3
1117	-0.861476	140.802909	0.008143	3.6
1118	-0.000000	140.733593	0.000000	1.6
1119	-0.369021	140.664369	0.002416	3.5
1120	-0.704217	140.595235	0.008466	2.3
1121	0.000000	140.526192	0.000000	2.0
1122	-0.000011	140.457239	0.000007	2.8
1123	-0.370193	140.388376	0.007694	3.6
1124	-0.059546	140.319603	0.004020	4.0
1125	-0.337298	140.250920	0.004980	2.5
1126	-0.995079	140.182326	0.010437	3.3
1127	-0.000000	140.113822	0.000000	1.4
1128	-0.630602	140.045407	0.007515	3.4
1129	-0.918968	139.977081	0.022849	3.0
1130	-1.067143	139.908844	0.013098	3.2
1131	-0.624829	139.840696	0.007362	3.1
1132	-0.810617	139.772635	0.007389	2.8
1133	-0.761386	139.704664	0.009446	3.4
1134	-1.098428	139.636780	0.031402	3.4
1135	0.000000	139.568984	0.000000	2.1
1136	-0.859110	139.501276	0.006758	3.2
1137	0.000000	139.433655	0.000000	4.7
1138	-0.275798	139.366122	0.002470	3.0
1139	-0.002112	139.298676	0.000264	3.4
1140	-0.951249	139.231317	0.009549	3.4
1141	-0.000000	139.164045	0.000000	3.4
1142	-0.785282	139.096859	0.007743	3.4
1143	-0.520391	139.029760	0.010248	4.0
1144	0.000000	138.962747	0.000000	4.3
1145	-0.000000	138.895820	0.000000	2.5
1146	-0.049372	138.828978	0.003628	3.0
1147	-0.824393	138.762223	0.005571	3.1
1148	-0.012317	138.695553	0.001215	2.9
1149	-0.371921	138.628969	0.005396	3.5
1150	-0.000703	138.562469	0.000185	2.2
1151	-0.005891	138.496055	0.000776	3.7
1152	-0.000000	138.429725	0.000000	3.0
1153	-0.383042	138.363481	0.005010	2.0
1154	-0.896862	138.297320	0.017936	3.8
1155	-1.015342	138.231244	0.008429	3.6
1156	-0.957807	138.165252	0.020144	2.9
1157	-0.045717	138.099344	0.002805	3.2
1158	-0.862695	138.033520	0.009112	1.9
1159	-0.268371	137.967779	0.008886	3.3
1160	-0.840265	137.902122	0.035878	3.8
1161	0.000000	137.836548	0.000000	2.5
1162	-0.665785	137.771057	0.013267	3.3
1163	-0.853313	137.705649	0.010139	2.7
1164	-0.542659	137.640324	0.009806	2.5
1165	-0.000429	137.575081	0.000042	3.0
1166	-0.000000	137.509921	0.000000	2.8
1167	-0.000296	137.444842	0.000035	2.9
1168	-1.065204	137.379846	0.044786	4.4
1169	0.000000	137.314932	0.000000	3.6
1170	-0.992325	137.250100	0.059947	2.2
1171	-0.859903	137.185349	0.009836	2.6
1172	-0.508686	137.120680	0.006516	2.8
1173	-0.744136	137.056092	0.019083	2.3
1174	-0.528706	136.991585	0.017185	3.8
1175	-0.429113	136.927158	0.009900	1.9
1176	-0.883262	136.862813	0.044498	3.5
1177	-0.000471	136.798548	0.000050	3.6
1178	-0.327369	136.734363	0.018014	3.2
1179	-1.033338	136.670259	0.028425	2.7
1180	-0.987628	136.606235	0.008798	3.2
1181	-0.633240	136.542291	0.034625	3.7
1182	-0.000087	136.478426	0.000011	2.6
1183	-0.200086	136.414641	0.004988	2.6
1184	-0.020508	136.350936	0.001852	3.1
1185	-0.007491	136.287310	0.000539	3.2
1186	-0.933900	136.223763	0.010170	2.2
1187	-0.004857	136.160295	0.000448	3.4
1188	-0.802756	136.096905	0.007228	4.5
1189	-1.049361	136.033594	0.020471	3.5
1190	-0.693463	135.970362	0.006454	3.8
1191	0.000000	135.907208	0.000000	3.4
1192	-0.001073	135.844133	0.000228	3.7
1193	-0.709267	135.781135	0.009596	3.3
1194	-0.000852	135.718215	0.000070	3.0
1195	-0.306467	135.655373	0.008032	2.5
1196	-0.330053	135.592608	0.005075	3.4
1197	-0.025651	135.529921	0.001243	4.0
1198	-0.652229	135.467311	0.006492	2.5
1199	-0.006554	135.404778	0.000131	4.0
1200	0.000000	135.342322	0.000000	2.1
1201	-0.000000	135.279942	0.000000	3.7
1202	-0.251805	135.217640	0.002171	3.1
1203	-0.016935	135.155413	0.001710	1.8
1204	-0.902168	135.093263	0.005387	3.5
1205	-0.710341	135.031190	0.007081	3.4
1206	-1.086133	134.969192	0.029154	3.4
1207	-0.816943	134.907270	0.013954	3.8
1208	-0.998081	134.845424	0.036018	2.0
1209	-0.000000	134.783653	0.000000	2.9
1210	-0.002776	134.721958	0.000068	2.9
1211	-0.700898	134.660338	0.005890	2.3
1212	-0.373620	134.598793	0.006252	2.7
1213	-0.000000	134.537323	0.000000	2.9
1214	-1.088690	134.475927	0.018415	3.4
1215	-0.641218	134.414607	0.019556	3.5
1216	0.000000	134.353361	0.000000	3.1
1217	-0.900896	134.292189	0.040296	2.5
1218	0.000000	134.231092	0.000000	3.9
1219	-0.961449	134.170068	0.015030	3.0
1220	-0.456224	134.109119	0.015444	4.0
1221	-0.461526	134.048243	0.006447	2.4
1222	0.000000	133.987441	0.000000	2.4
1223	-0.918759	133.926713	0.007250	2.8
1224	-0.660537	133.866057	0.005931	2.9
1225	-0.000026	133.805475	0.000028	2.7
1226	-1.053019	133.744966	0.009833	2.2
1227	-0.998966	133.684530	0.005470	3.9
1228	0.000000	133.624167	0.000000	2.5
1229	-0.860052	133.563877	0.019472	3.6
1230	-0.564048	133.503658	0.018791	1.9
1231	-1.128395	133.443513	0.022603	3.6
1232	-0.000000	133.383439	0.000000	2.5
1233	-0.185141	133.323437	0.006128	3.3
1234	-0.821218	133.263508	0.016040	3.3
1235	0.000000	133.203650	0.000000	1.7
1236	-0.643780	133.143864	0.021802	2.8
1237	-0.869108	133.084149	0.007201	2.9
1238	-0.518357	133.024506	0.009169	3.0
1239	0.000000	132.964934	0.000000	2.7
1240	-0.789969	132.905433	0.008443	2.6
1241	-0.873864	132.846003	0.008457	3.1
1242	-0.720337	132.786643	0.007828	2.8
1243	-0.000000	132.727355	0.000000	3.6
1244	-0.000000	132.668137	0.000000	2.1
1245	-0.000431	132.608989	0.000163	3.1
1246	-1.008076	132.549912	0.026422	3.6
1247	-0.759046	132.490904	0.012816	3.8
1248	-0.000000	132.431967	0.000000	1.8
1249	-0.179379	132.373100	0.004724	3.1
1250	-0.730694	132.314302	0.021114	2.9
1251	-0.672992	132.255574	0.006770	1.9
1252	0.000000	132.196916	0.000000	2.4
1253	-0.679746	132.138326	0.006496	2.8
1254	-0.817243	132.079806	0.010325	2.7
1255	-0.670667	132.021355	0.007835	2.5
1256	-0.038126	131.962973	0.002176	2.9
1257	0.000000	131.904660	0.000000	3.8
1258	-0.000000	131.846415	0.000000	1.5
1259	-0.723608	131.788239	0.008048	4.1
1260	-0.446903	131.730131	0.005554	3.4
1261	0.000000	131.672092	0.000000	1.8
1262	-0.000000	131.614121	0.000000	2.1
1263	-0.757631	131.556217	0.012095	4.0
1264	-0.866354	131.498382	0.024355	2.5
1265	-0.007905	131.440614	0.000551	3.3
1266	-0.815436	131.382914	0.020781	2.0
1267	-0.070220	131.325282	0.004004	3.3
1268	-0.900952	131.267717	0.006859	2.2
1269	-0.445566	131.210219	0.004171	3.6
1270	-1.021250	131.152788	0.009005	3.1
1271	-0.786309	131.095424	0.004574	2.0
1272	0.000000	131.038127	0.000000	2.5
1273	-0.979607	130.980897	0.030612	3.0
1274	-0.048829	130.923733	0.002076	1.8
1275	-0.000000	130.866636	0.000000	3.2
1276	-0.616093	130.809605	0.008121	3.0
1277	-0.241615	130.752641	0.010161	2.9
1278	-0.802265	130.695742	0.009890	2.9
1279	-0.009123	130.638910	0.001292	3.0
1280	-1.004007	130.582143	0.005868	3.3
1281	-0.000000	130.525442	0.000000	2.6
1282	-0.641493	130.468807	0.008682	2.3
1283	-0.268848	130.412237	0.004697	3.7
1284	-0.176244	130.355733	0.009041	2.7
1285	-1.050982	130.299294	0.014746	3.7
1286	-0.843943	130.242920	0.018193	2.3
1287	-1.024277	130.186611	0.009713	2.0
1288	-0.942767	130.130366	0.005976	3.5
1289	-0.679780	130.074187	0.006935	3.9
1290	-0.296232	130.018072	0.003045	1.8
1291	-0.000000	129.962022	0.000000	4.1
1292	-0.790234	129.906036	0.010703	3.3
1293	-0.389261	129.850114	0.005561	2.3
1294	-0.000000	129.794257	0.000000	2.4
1295	-0.075591	129.738463	0.002539	2.2
1296	-0.000010	129.682734	0.000010	2.5
1297	-0.500491	129.627068	0.012734	2.9
1298	-0.864445	129.571466	0.024137	2.9
1299	0.000000	129.515927	0.000000	2.3
1300	-0.932506	129.460452	0.011344	3.0
1301	-0.000920	129.405040	0.000055	1.7
1302	-0.000000	129.349692	0.000000	3.3
1303	-0.764787	129.294406	0.017304	3.0
1304	-0.000000	129.239183	0.000000	1.4
1305	0.000000	129.184024	0.000000	3.4
1306	-0.726418	129.128927	0.004937	3.0
1307	-1.062865	129.073892	0.011270	3.2
1308	-0.267225	129.018921	0.007334	3.2
1309	-0.641617	128.964011	0.008227	2.1
1310	-0.838676	128.909164	0.019129	4.1
1311	-0.610574	128.854379	0.004719	1.9
1312	-0.866106	128.799656	0.010709	3.6
1313	-0.168826	128.744995	0.002538	2.9
1314	-0.075396	128.690396	0.005362	2.4
1315	-0.023306	128.635858	0.002862	4.5
1316	-0.772665	128.581382	0.007111	1.9
1317	-0.096266	128.526968	0.001161	2.9
1318	-0.920871	128.472615	0.004962	2.7
1319	0.000000	128.418323	0.000000	2.6
1320	-0.000000	128.364092	0.000000	3.0
1321	0.000000	128.309922	0.000000	1.6
1322	-0.476216	128.255814	0.005664	3.0
1323	-0.014034	128.201766	0.001550	3.0
1324	-0.454115	128.147778	0.007558	2.6
1325	-0.485371	128.093852	0.003291	4.1
1326	0.000000	128.039985	0.000000	2.0
1327	-0.038900	127.986180	0.001910	3.3
1328	-0.562608	127.932434	0.005729	3.1
1329	0.000000	127.878749	0.000000	2.7
1330	-0.204920	127.825123	0.007410	2.8
1331	-1.068622	127.771558	0.015161	2.7
1332	-0.590628	127.718052	0.007021	2.0
1333	-0.015595	127.664606	0.000507	3.9
1334	-0.747511	127.611220	0.008126	3.6
1335	-0.387983	127.557893	0.007289	2.1
1336	-0.781082	127.504625	0.008696	3.8
1337	-0.000000	127.451417	0.000000	1.9
1338	-0.547071	127.398268	0.008744	3.1
1339	-0.832058	127.345178	0.008707	2.4
1340	-0.174278	127.292147	0.003242	3.5
1341	0.000000	127.239175	0.000000	2.1
1342	-0.000000	127.186261	0.000000	3.8
1343	-0.061591	127.133407	0.003045	1.8
1344	-0.054989	127.080610	0.001826	3.6
1345	-0.571478	127.027872	0.006972	3.0
1346	-0.725826	126.975193	0.018168	3.2
1347	-0.000251	126.922572	0.000032	2.8
1348	-0.000001	126.870008	0.000001	3.7
1349	-0.968989	126.817503	0.005903	2.6
1350	-0.015759	126.765056	0.001013	2.4
1351	-0.618142	126.712667	0.005346	2.7
1352	-0.737528	126.660335	0.007600	2.2
1353	-0.568229	126.608061	0.008906	3.7
1354	-0.681876	126.555844	0.009463	3.2
1355	-0.032094	126.503685	0.001194	3.1
1356	-0.709885	126.451583	0.006574	1.8
1357	-0.000000	126.399538	0.000000	3.3
1358	-0.108241	126.347550	0.009153	2.3
1359	-0.135973	126.295619	0.007234	3.4
1360	-0.653638	126.243745	0.006872	2.6
1361	-0.648786	126.191928	0.008769	3.7
1362	-0.526924	126.140168	0.005807	1.8
1363	-0.458213	126.088464	0.012122	3.8
1364	-0.812844	126.036817	0.006037	3.2
1365	-1.017398	125.985226	0.006951	2.5
1366	-0.163748	125.933691	0.004348	2.8
1367	-0.645161	125.882212	0.006726	3.1
1368	0.000000	125.830790	0.000000	3.2
1369	-0.730389	125.779423	0.009188	1.8
1370	-0.000000	125.728113	0.000000	3.1
1371	-0.869199	125.676858	0.009995	3.2
1372	-0.988178	125.625659	0.016499	3.4
1373	-0.000000	125.574515	0.000000	1.8
1374	-0.812861	125.523427	0.007691	3.5
1375	-0.000000	125.472394	0.000000	2.6
1376	-0.008640	125.421417	0.000698	2.6
1377	-0.711697	125.370495	0.007611	3.7
1378	-0.953037	125.319628	0.019950	4.0
1379	-0.596047	125.268815	0.005630	4.0
1380	-0.388312	125.218058	0.004831	3.2
1381	-1.073902	125.167356	0.014855	3.0
1382	-0.904181	125.116708	0.007687	4.1
1383	-0.000000	125.066115	0.000000	3.5
1384	-0.505404	125.015576	0.005286	3.2
1385	-0.000000	124.965092	0.000000	3.2
1386	-0.007151	124.914662	0.000389	3.5
1387	0.000000	124.864287	0.000000	2.9
1388	-0.003131	124.813965	0.000255	2.3
1389	-0.995017	124.763698	0.009523	2.7
1390	0.000000	124.713485	0.000000	2.5
1391	-0.699315	124.663325	0.010581	3.7
1392	-0.564859	124.613219	0.005721	1.8
1393	-0.538692	124.563167	0.005743	3.4
1394	0.000000	124.513168	0.000000	2.4
1395	0.000000	124.463223	0.000000	1.8
1396	-0.781186	124.413332	0.010599	3.9
1397	-0.274096	124.363493	0.004806	3.3
1398	-0.706977	124.313708	0.006185	1.8
1399	0.000000	124.263976	0.000000	3.2
1400	-0.000000	124.214297	0.000000	2.9
1401	-0.466248	124.164671	0.007945	3.3
1402	-0.389985	124.115097	0.014376	1.8
1403	-0.378089	124.065577	0.017702	3.3
1404	-0.239795	124.016109	0.006929	2.4
1405	-0.586830	123.966693	0.012383	1.9
1406	-0.991673	123.917330	0.007630	3.6
1407	-0.812953	123.868020	0.008398	2.2
1408	0.000000	123.818762	0.000000	2.7
1409	0.000000	123.769556	0.000000	2.6
1410	-0.191644	123.720402	0.009487	1.7
1411	-1.063350	123.671300	0.020632	2.9
1412	-0.838136	123.622250	0.008638	3.0
1413	-1.049018	123.573252	0.019295	3.2
1414	-0.336319	123.524305	0.003494	3.2
1415	-0.810676	123.475411	0.004006	2.1
1416	-0.047270	123.426568	0.002934	3.0
1417	-0.630704	123.377776	0.009211	3.6
1418	-0.710881	123.329036	0.015561	2.1
1419	-0.827824	123.280347	0.019414	2.2
1420	-0.901194	123.231709	0.013453	1.9
1421	-0.789401	123.183122	0.014250	2.7
1422	-0.000107	123.134587	0.000008	2.7
1423	-0.950687	123.086102	0.008612	2.6
1424	-0.903060	123.037669	0.007142	2.7
1425	-0.342180	122.989286	0.005653	2.2
1426	0.000000	122.940954	0.000000	2.5
1427	-0.020853	122.892672	0.001242	2.4
1428	-0.278429	122.844441	0.003921	1.9
1429	-0.543788	122.796261	0.005363	4.0
1430	-0.426597	122.748130	0.004638	3.5
1431	-0.015957	122.700050	0.000151	2.1
1432	-0.586755	122.652021	0.006456	3.6
1433	-0.664811	122.604041	0.018359	2.2
1434	-0.046777	122.556111	0.001562	2.8
1435	0.000000	122.508232	0.000000	2.7
1436	-0.740373	122.460402	0.005825	3.2
1437	-0.552285	122.412622	0.005649	2.5
1438	-0.926904	122.364891	0.024639	2.2
1439	0.000000	122.317210	0.000000	2.2
1440	-0.675040	122.269579	0.008205	3.2
1441	-0.000862	122.221997	0.000041	3.3
1442	-0.840092	122.174465	0.006521	2.6
1443	-0.000000	122.126981	0.000000	1.6
1444	-0.621924	122.079547	0.014758	3.5
1445	-0.039979	122.032162	0.001962	3.5
1446	-0.028562	121.984826	0.000420	2.0
1447	-0.624321	121.937539	0.009565	3.6
1448	-0.949393	121.890301	0.027096	2.8
1449	-1.002335	121.843112	0.016271	3.4
1450	-0.947732	121.795971	0.025898	2.7
1451	-1.145439	121.748879	0.038166	2.2
1452	-0.443190	121.701835	0.006441	2.8
1453	-1.005939	121.654840	0.006368	2.5
1454	-0.149071	121.607893	0.002909	2.4
1455	-0.312446	121.560994	0.009859	3.4
1456	0.000000	121.514144	0.000000	2.0
1457	-0.838974	121.467342	0.008121	3.0
1458	-0.033711	121.420588	0.002245	2.0
1459	-0.872293	121.373882	0.024474	3.0
1460	-0.306617	121.327223	0.013946	3.4
1461	-0.944301	121.280613	0.013450	3.2
1462	-0.599365	121.234050	0.005056	2.8
1463	-0.743899	121.187535	0.008824	1.8
1464	-0.245562	121.141067	0.002146	3.1
1465	-0.821564	121.094647	0.009573	3.6
1466	0.000000	121.048274	0.000000	2.1
1467	-1.106165	121.001949	0.021026	3.8
1468	-0.972209	120.955671	0.017108	1.7
1469	-0.614855	120.909440	0.005593	3.9
1470	-0.020471	120.863256	0.002259	2.2
1471	-0.546247	120.817119	0.005360	3.1
1472	-0.936806	120.771029	0.020611	3.2
1473	-0.827410	120.724986	0.015516	1.7
1474	-0.007920	120.678990	0.000520	2.5
1475	-0.672058	120.633040	0.009760	2.4
1476	-0.024226	120.587137	0.000251	1.8
1477	-0.000413	120.541281	0.000029	2.9
1478	-0.123972	120.495471	0.008668	2.6
1479	-1.016808	120.449707	0.022418	2.6
1480	-0.000000	120.403990	0.000000	1.8
1481	-0.190415	120.358319	0.005461	3.5
1482	-0.243691	120.312694	0.005970	1.9
1483	-0.945825	120.267115	0.012758	3.2
1484	-0.853979	120.221582	0.007783	2.3
1485	-0.160358	120.176096	0.008795	2.5
1486	-0.968928	120.130655	0.020973	3.1
1487	-0.019731	120.085260	0.000891	3.6
1488	-0.017077	120.039910	0.001436	1.9
1489	-0.649720	119.994606	0.007561	3.3
1490	-0.091447	119.949348	0.006768	2.3
1491	-0.943560	119.904135	0.020186	2.8
1492	-0.104544	119.858968	0.005521	2.6
1493	-1.032510	119.813846	0.028203	2.1
1494	-0.053481	119.768769	0.004289	3.5
1495	-0.919908	119.723738	0.019446	3.4
1496	-0.264503	119.678752	0.007542	1.6
1497	-0.973613	119.633810	0.015381	3.7
1498	-0.000000	119.588914	0.000000	2.2
1499	-0.164574	119.544062	0.005324	1.8
1500	-0.000000	119.499256	0.000000	3.1
1501	-0.556061	119.454494	0.007978	2.7
1502	-0.004124	119.409777	0.000132	2.9
1503	-0.000548	119.365104	0.000043	2.7
1504	-0.602182	119.320476	0.005316	3.2
1505	-0.000000	119.275893	0.000000	2.7
1506	-0.000000	119.231353	0.000000	2.6
1507	-0.678255	119.186859	0.007945	2.4
1508	-0.000037	119.142408	0.000083	1.6
1509	-1.024634	119.098002	0.043329	2.7
1510	-0.945291	119.053639	0.008881	3.0
1511	-0.463919	119.009321	0.003734	2.9
1512	-0.139836	118.965047	0.007407	2.0
1513	-0.609823	118.920816	0.003866	3.1
1514	-0.276169	118.876630	0.004722	3.1
1515	-0.639600	118.832487	0.011473	2.3
1516	0.000000	118.788388	0.000000	2.4
1517	-0.857774	118.744332	0.010215	1.9
1518	-0.688694	118.700320	0.008311	3.0
1519	-0.016487	118.656352	0.000671	3.6
1520	-0.000000	118.612427	0.000000	1.9
1521	0.000000	118.568545	0.000000	2.6
1522	-0.632757	118.524706	0.006939	2.8
1523	-0.000000	118.480911	0.000000	2.8
1524	-0.977686	118.437159	0.026214	1.9
1525	-0.998873	118.393450	0.039166	2.7
1526	-0.774711	118.349784	0.039129	2.5
1527	-1.100672	118.306160	0.016347	1.7
1528	-0.000000	118.262580	0.000000	3.4
1529	-0.184046	118.219042	0.004078	2.6
1530	-0.903616	118.175548	0.011550	3.4
1531	-0.518929	118.132095	0.004253	1.9
1532	-0.790734	118.088686	0.007676	3.1
1533	-0.432943	118.045319	0.005351	2.3
1534	-0.360398	118.001994	0.004688	3.4
1535	-0.948989	117.958712	0.008951	3.3
1536	0.000000	117.915472	0.000000	3.4
1537	-0.014333	117.872274	0.002031	3.7
1538	-0.716596	117.829118	0.007907	6.0
1539	-0.482556	117.786005	0.015813	5.2
1540	-0.292364	117.742933	0.004573	4.0
1541	0.000000	117.699904	0.000000	5.6
1542	-0.000002	117.656916	0.000005	4.1
1543	-0.000005	117.613971	0.000004	3.4
1544	-1.065851	117.571067	0.023255	4.3
1545	-1.021568	117.528205	0.012479	4.4
1546	-0.573385	117.485384	0.009780	3.4
1547	-0.549997	117.442605	0.005243	3.5
1548	-0.975051	117.399867	0.010649	4.1
1549	0.000000	117.357171	0.000000	4.2
1550	0.000000	117.314517	0.000000	3.7
1551	-1.073426	117.271903	0.016285	4.2
1552	0.000000	117.229331	0.000000	4.1
1553	-0.712355	117.186800	0.009313	3.8
1554	-0.370300	117.144311	0.010753	3.5
1555	-0.580624	117.101862	0.006120	2.8
1556	-0.139883	117.059454	0.003463	3.6
1557	-0.887031	117.017087	0.014241	4.0
1558	-0.762620	116.974762	0.010682	4.7
1559	-0.940556	116.932476	0.010943	4.3
1560	-0.417454	116.890232	0.010542	4.2
1561	-0.000000	116.848028	0.000000	4.7
1562	-0.456126	116.805865	0.006209	4.6
1563	-0.001194	116.763743	0.000016	3.7
1564	-0.868138	116.721661	0.009868	4.3
1565	0.000000	116.679619	0.000000	4.1
1566	-0.834871	116.637618	0.039461	4.1
1567	-0.257039	116.595657	0.002864	3.0
1568	0.000000	116.553736	0.000000	2.4
1569	-0.000030	116.511855	0.000008	3.5
1570	-0.968288	116.470015	0.012789	3.4
1571	-0.317921	116.428214	0.004477	2.8
1572	0.000000	116.386454	0.000000	2.0
1573	-0.543934	116.344733	0.005150	3.9
1574	-0.880979	116.303052	0.019116	3.3
1575	-0.087144	116.261412	0.002093	2.5
1576	-0.767430	116.219810	0.007377	4.2
1577	-0.042970	116.178249	0.005157	3.1
1578	-0.762480	116.136727	0.018586	3.9
1579	-0.984579	116.095245	0.007053	3.3
1580	0.000000	116.053802	0.000000	3.0
1581	-1.014811	116.012398	0.021408	3.2
1582	-0.033719	115.971034	0.002108	2.5
1583	-0.726668	115.929710	0.004222	2.6
1584	-0.904251	115.888424	0.006847	2.7
1585	-0.570654	115.847178	0.014974	4.1
1586	-0.970293	115.805970	0.008895	2.0
1587	-0.017891	115.764802	0.001572	3.5
1588	0.000000	115.723673	0.000000	2.5
1589	-0.380826	115.682583	0.013112	2.7
1590	0.000000	115.641532	0.000000	2.3
1591	-0.959206	115.600519	0.028044	3.5
1592	-0.001772	115.559546	0.001629	4.0
1593	-0.000000	115.518610	0.000000	1.9
1594	-0.153185	115.477714	0.005983	4.6
1595	0.000000	115.436856	0.000000	1.7
1596	-0.510438	115.396037	0.010539	3.5
1597	-0.815861	115.355256	0.010710	3.5
1598	-0.851960	115.314514	0.017507	2.4
1599	-0.608066	115.273810	0.015139	2.9
1600	-0.959444	115.233144	0.009171	2.9
1601	-0.698220	115.192517	0.007779	3.1
1602	-0.862408	115.151927	0.022095	3.9
1603	0.000000	115.111376	0.000000	3.1
1604	-0.913136	115.070863	0.022811	2.8
1605	-1.130119	115.030388	0.011401	3.5
1606	-0.481619	114.989951	0.006905	1.9
1607	-0.459785	114.949551	0.007058	3.1
1608	-0.847161	114.909190	0.003862	3.3
1609	-0.732963	114.868866	0.006990	2.5
1610	-1.026910	114.828580	0.035900	3.3
1611	-0.295333	114.788332	0.009175	1.9
1612	-0.831077	114.748121	0.007353	2.7
1613	-1.049000	114.707948	0.011926	4.6
1614	-0.652671	114.667812	0.008887	3.4
1615	-0.768502	114.627714	0.007102	2.9
1616	-0.803160	114.587653	0.006531	3.1
1617	-0.852948	114.547629	0.016569	4.2
1618	-0.649779	114.507643	0.007568	3.9
1619	-0.101926	114.467693	0.003483	3.4
1620	-0.419714	114.427781	0.004277	2.5
1621	-0.591971	114.387907	0.004552	3.0
1622	-0.900288	114.348069	0.011687	3.7
1623	-0.199798	114.308268	0.002876	2.7
1624	-0.827669	114.268504	0.015556	3.1
1625	-0.000000	114.228777	0.000000	3.3
1626	-0.817566	114.189086	0.008817	3.7
1627	-1.145872	114.149433	0.015709	3.2
1628	-0.546663	114.109816	0.004925	2.5
1629	0.000000	114.070235	0.000000	2.3
1630	-0.009046	114.030692	0.000078	2.2
1631	-0.895662	113.991185	0.006771	1.9
1632	-0.698599	113.951714	0.006487	3.0
1633	-0.757567	113.912280	0.005979	3.0
1634	0.000000	113.872882	0.000000	3.6
1635	-0.832336	113.833521	0.035515	2.3
1636	-0.690034	113.794195	0.008709	3.6
1637	-0.002849	113.754906	0.000077	2.5
1638	-0.000000	113.715653	0.000000	3.2
1639	-0.177388	113.676437	0.005254	1.9
1640	0.000000	113.637256	0.000000	3.0
1641	-0.001787	113.598111	0.000094	1.8
1642	-0.324008	113.559002	0.005058	3.4
1643	0.000000	113.519929	0.000000	2.0
1644	-0.010814	113.480892	0.000649	2.7
1645	-0.730717	113.441891	0.014617	1.8
1646	-0.786753	113.402925	0.007162	2.8
1647	-0.002510	113.363995	0.000209	3.0
1648	-0.631101	113.325101	0.005864	3.4
1649	-0.002260	113.286242	0.000892	3.6
1650	-0.507335	113.247419	0.004475	1.9
1651	-0.995014	113.208631	0.027583	3.6
1652	-0.777011	113.169879	0.006131	3.0
1653	-0.000806	113.131162	0.000097	4.1
1654	-0.987912	113.092480	0.012050	3.5
1655	-0.425274	113.053833	0.004175	2.0
1656	-0.864506	113.015222	0.007198	2.5
1657	-1.115098	112.976646	0.021929	3.1
1658	0.000000	112.938105	0.000000	3.3
1659	-0.000272	112.899599	0.000025	2.2
1660	-0.304896	112.861128	0.002565	2.6
1661	-0.949327	112.822692	0.040358	3.7
1662	-0.482308	112.784291	0.004883	2.1
1663	-0.074320	112.745924	0.001227	2.8
1664	-0.532327	112.707593	0.005323	2.5
1665	-0.549225	112.669296	0.004627	2.0
1666	-0.540369	112.631034	0.006993	3.1
1667	-0.589444	112.592806	0.017811	2.7
1668	-0.592217	112.554613	0.027282	2.1
1669	-0.148754	112.516455	0.003121	2.5
1670	0.000000	112.478331	0.000000	2.2
1671	-0.862025	112.440241	0.009255	2.5
1672	-0.000000	112.402186	0.000000	2.2
1673	-1.114221	112.364165	0.017222	2.7
1674	-0.799613	112.326179	0.009207	2.6
1675	-0.029437	112.288227	0.001208	2.7
1676	-0.712848	112.250309	0.009607	4.0
1677	-0.840843	112.212425	0.025502	2.8
1678	-0.317527	112.174575	0.005881	2.7
1679	-0.873771	112.136759	0.025199	2.0
1680	-0.585433	112.098977	0.008553	2.7
1681	-0.172561	112.061229	0.002415	2.9
1682	-0.959735	112.023515	0.008211	2.8
1683	-0.248471	111.985834	0.012828	3.0
1684	-0.625193	111.948188	0.009397	2.5
1685	-0.804394	111.910575	0.009543	2.1
1686	-0.848778	111.872996	0.010911	2.8
1687	0.000000	111.835450	0.000000	3.1
1688	0.000000	111.797939	0.000000	3.3
1689	-0.005764	111.760460	0.000176	2.0
1690	-0.666174	111.723015	0.018605	2.8
1691	-0.229796	111.685604	0.001846	2.9
1692	-0.007612	111.648226	0.000350	3.1
1693	-0.757935	111.610881	0.011239	3.8
1694	-0.608455	111.573570	0.008489	3.0
1695	-0.631765	111.536292	0.009973	3.4
1696	-0.723793	111.499047	0.008544	1.8
1697	-0.905111	111.461835	0.017040	4.8
1698	-0.000000	111.424656	0.000000	2.9
1699	-0.921351	111.387510	0.005735	2.9
1700	-0.734979	111.350398	0.012061	2.2
1701	-0.905690	111.313318	0.038739	3.1
1702	-0.949254	111.276271	0.009208	2.0
1703	-0.410025	111.239257	0.015336	3.2
1704	-0.000281	111.202276	0.000018	2.5
1705	-0.416920	111.165328	0.005716	2.7
1706	-0.913530	111.128412	0.034754	2.9
1707	0.000000	111.091529	0.000000	2.5
1708	-1.058810	111.054679	0.009876	1.8
1709	-0.733361	111.017861	0.004841	3.3
1710	0.000000	110.981076	0.000000	2.4
1711	-0.489311	110.944323	0.004280	2.7
1712	-0.648815	110.907603	0.023875	2.6
1713	-0.438374	110.870915	0.004265	4.0
1714	-1.035692	110.834259	0.007991	1.9
1715	-0.000056	110.797636	0.000014	3.1
1716	-0.765772	110.761045	0.013040	2.7
1717	-0.966800	110.724486	0.008493	2.3
1718	-0.302464	110.687959	0.003761	3.5
1719	-1.001097	110.651465	0.007335	3.2
1720	-0.950772	110.615002	0.006677	2.6
1721	-0.033845	110.578572	0.006516	2.5
1722	-0.827796	110.542173	0.008367	1.5
1723	-0.775836	110.505807	0.005778	3.4
1724	-0.000000	110.469472	0.000000	2.7
1725	-0.000000	110.433169	0.000000	1.8
1726	-0.343854	110.396898	0.006449	2.7
1727	-0.799101	110.360659	0.011106	3.5
1728	0.000000	110.324451	0.000000	1.8
1729	-0.547319	110.288276	0.005000	2.9
1730	-0.000000	110.252131	0.000000	2.2
1731	0.000000	110.216019	0.000000	2.1
1732	-0.551426	110.179937	0.020424	2.2
1733	-0.172723	110.143888	0.003237	2.6
1734	-0.014730	110.107869	0.002734	2.2
1735	-0.060078	110.071882	0.003898	2.3
1736	-0.000051	110.035927	0.000090	1.5
1737	-0.251964	110.000003	0.006428	4.0
1738	-0.058640	109.964110	0.002002	3.7
1739	-0.070766	109.928248	0.002879	1.8
1740	-0.251661	109.892417	0.006743	3.1
1741	-0.611679	109.856618	0.007248	2.6
1742	-0.658110	109.820850	0.006406	1.8
1743	-0.947072	109.785112	0.008616	3.2
1744	-0.707018	109.749406	0.005738	1.9
1745	-0.000000	109.713730	0.000000	2.9
1746	-0.001047	109.678086	0.000063	2.7
1747	-0.000000	109.642472	0.000000	2.6
1748	-0.226949	109.606890	0.005823	1.8
1749	-0.849337	109.571337	0.010135	2.6
1750	-0.061212	109.535816	0.003333	2.1
1751	-0.014285	109.500326	0.000669	2.2
1752	-0.285029	109.464866	0.006357	2.0
1753	-0.001587	109.429436	0.000026	2.3
1754	-0.633804	109.394038	0.008779	2.6
1755	-0.141644	109.358669	0.004348	2.2
1756	-0.725867	109.323331	0.005861	2.9
1757	-0.599746	109.288024	0.006491	3.1
1758	-0.434237	109.252747	0.005655	3.4
1759	-0.248605	109.217501	0.006047	2.1
1760	-0.040007	109.182284	0.003783	4.2
1761	-0.727564	109.147098	0.010261	1.8
1762	-0.239332	109.111942	0.006318	3.4
1763	-0.530831	109.076817	0.004385	3.4
1764	-0.377115	109.041721	0.004546	4.6
1765	-0.583154	109.006656	0.006264	3.2
1766	-0.896076	108.971620	0.020942	3.5
1767	0.000000	108.936615	0.000000	4.2
1768	-0.714680	108.901640	0.005738	3.5
1769	-0.822384	108.866694	0.015583	2.8
1770	-0.070069	108.831779	0.002570	2.8
1771	-0.051084	108.796893	0.002136	3.9
1772	-0.909066	108.762037	0.004438	5.4
1773	-0.002618	108.727211	0.000232	4.0
1774	0.000000	108.692415	0.000000	4.3
1775	-0.000000	108.657648	0.000000	3.8
1776	-0.077435	108.622911	0.001663	4.3
1777	-0.000000	108.588203	0.000000	3.5
1778	-0.901795	108.553525	0.011140	3.9
1779	-1.045781	108.518877	0.009370	3.7
1780	-0.011545	108.484258	0.000151	3.7
1781	-0.000000	108.449668	0.000000	3.2
1782	-0.939021	108.415108	0.010981	3.7
1783	-0.974752	108.380578	0.015890	4.4
1784	-0.104732	108.346076	0.007225	4.2
1785	-0.787028	108.311604	0.010950	3.7
1786	-0.923125	108.277161	0.011781	3.3
1787	-0.631718	108.242747	0.006562	4.6
1788	0.000000	108.208363	0.000000	4.4
1789	-0.896990	108.174007	0.009195	4.5
1790	-0.695396	108.139681	0.011671	5.3
1791	-0.858579	108.105383	0.013372	4.2
1792	-0.982148	108.071115	0.016524	3.6
1793	0.000000	108.036875	0.000000	2.8
1794	-1.084536	108.002665	0.013569	4.3
1795	-0.615890	107.968483	0.007403	5.0
1796	-0.744524	107.934330	0.006973	5.8
1797	-0.845859	107.900206	0.014020	4.7
1798	-1.124316	107.866111	0.021849	3.5
1799	0.000000	107.832044	0.000000	2.4
1800	-0.000867	107.798007	0.000160	3.4
1801	-0.973462	107.763997	0.020523	4.9
1802	-0.592056	107.730017	0.009229	4.6
1803	-0.521359	107.696065	0.003427	5.0
1804	-0.994266	107.662141	0.026693	6.1
1805	-0.578456	107.628246	0.006399	7.2
1806	-0.194708	107.594379	0.005858	7.3
1807	-0.411475	107.560541	0.017005	7.5
1808	-0.696325	107.526731	0.008139	4.4
1809	-0.619108	107.492949	0.008011	3.5
1810	-0.034071	107.459196	0.001219	5.4
1811	0.000000	107.425471	0.000000	3.3
1812	-0.757480	107.391774	0.006854	3.5
1813	0.000000	107.358106	0.000000	2.7
1814	0.000000	107.324465	0.000000	3.7
1815	-0.406223	107.290853	0.009492	2.9
1816	-0.862440	107.257268	0.011565	2.0
1817	-0.556774	107.223712	0.008606	3.8
1818	-0.892425	107.190184	0.010134	2.6
1819	-0.598708	107.156683	0.007772	3.7
1820	-0.903668	107.123211	0.006034	2.0
1821	-0.870306	107.089766	0.009842	3.8
1822	-0.471538	107.056349	0.010715	3.8
1823	-0.848890	107.022960	0.007661	3.7
1824	-0.212552	106.989599	0.007873	3.6
1825	-0.207878	106.956265	0.005295	1.9
1826	-0.790782	106.922960	0.010963	3.3
1827	-0.551779	106.889681	0.006450	2.5
1828	-0.615555	106.856431	0.013965	3.4
1829	-0.497364	106.823208	0.012477	2.1
1830	-0.596848	106.790012	0.004309	2.8
1831	-0.890990	106.756844	0.007662	2.4
1832	-0.992193	106.723703	0.006137	3.3
1833	-0.485472	106.690590	0.004798	2.1
1834	-1.069864	106.657505	0.012010	2.8
1835	-0.614005	106.624446	0.006930	2.3
1836	-1.131914	106.591415	0.015617	2.6
1837	-0.601345	106.558411	0.008526	2.6
1838	0.000000	106.525435	0.000000	2.0
1839	-0.980773	106.492485	0.035909	3.5
1840	-0.064662	106.459563	0.001146	1.8
1841	-0.000000	106.426668	0.000000	3.1
1842	0.000000	106.393800	0.000000	2.3
1843	-0.000000	106.360959	0.000000	2.4
1844	-1.030305	106.328145	0.008580	2.7
1845	-0.745707	106.295358	0.004846	2.7
1846	-0.958063	106.262598	0.008098	2.8
1847	0.000000	106.229865	0.000000	2.9
1848	-0.000120	106.197158	0.000091	3.0
1849	-0.559524	106.164479	0.006917	3.5
1850	0.000000	106.131826	0.000000	3.2
1851	-0.449211	106.099201	0.006909	3.6
1852	-0.035755	106.066602	0.001892	3.5
1853	0.000000	106.034029	0.000000	2.6
1854	-0.380929	106.001483	0.004093	4.1
1855	-0.947712	105.968964	0.013207	3.7
1856	-0.936723	105.936472	0.007771	4.0
1857	-0.918791	105.904006	0.011154	3.8
1858	-0.695923	105.871566	0.007483	3.7
1859	-0.910995	105.839153	0.004143	3.8
1860	-0.699718	105.806767	0.024083	3.6
1861	-0.628748	105.774407	0.006182	3.8
1862	-0.923239	105.742073	0.023741	2.7
1863	-1.054210	105.709766	0.021100	3.2
1864	0.000000	105.677485	0.000000	2.4
1865	-0.042196	105.645230	0.002652	4.2
1866	-1.006854	105.613001	0.037576	4.3
1867	-0.759706	105.580799	0.036277	2.8
1868	-0.444636	105.548623	0.006175	2.0
1869	-0.000000	105.516473	0.000000	3.6
1870	-0.915508	105.484349	0.009306	2.8
1871	-0.133526	105.452251	0.001410	2.8
1872	-0.708475	105.420179	0.005215	2.5
1873	-0.870566	105.388133	0.010606	3.8
1874	-0.001899	105.356113	0.000135	3.4
1875	-0.817415	105.324119	0.007061	2.1
1876	-0.806877	105.292151	0.015150	3.0
1877	-0.199810	105.260209	0.005125	2.7
1878	-0.000215	105.228293	0.000138	2.9
1879	-0.193455	105.196402	0.003456	2.8
1880	-0.290795	105.164537	0.011246	3.0
1881	-0.007470	105.132698	0.001718	2.4
1882	-1.050524	105.100885	0.007276	3.0
1883	-0.613555	105.069097	0.004958	3.8
1884	-0.810508	105.037335	0.013785	2.1
1885	0.000000	105.005598	0.000000	3.1
1886	-1.080550	104.973887	0.035461	2.8
1887	-0.891917	104.942202	0.008395	3.3
1888	-0.169879	104.910542	0.001714	3.8
1889	-0.900958	104.878907	0.007616	4.2
1890	-0.362536	104.847298	0.007186	3.6
1891	-0.000010	104.815715	0.000005	2.3
1892	-0.781363	104.784156	0.011130	3.3
1893	-0.563093	104.752623	0.008999	2.3
1894	-0.747017	104.721116	0.007916	4.5
1895	-0.774831	104.689633	0.006850	3.4
1896	-0.150965	104.658176	0.006907	3.0
1897	-1.020067	104.626744	0.026213	3.3
1898	-0.498121	104.595337	0.007132	3.0
1899	-1.088323	104.563955	0.032859	4.3
1900	-0.000000	104.532599	0.000000	2.1
1901	-0.006053	104.501267	0.000273	2.7
1902	-0.660405	104.469960	0.006890	4.4
1903	-0.004727	104.438679	0.000293	4.0
1904	-0.063317	104.407422	0.005232	2.2
1905	-0.753491	104.376191	0.007530	4.6
1906	-0.186325	104.344984	0.003021	2.4
1907	-0.029473	104.313802	0.001515	3.9
1908	0.000000	104.282645	0.000000	3.8
1909	-0.967436	104.251513	0.008892	3.6
1910	-0.805800	104.220405	0.008023	2.7
1911	-0.329664	104.189323	0.005019	2.7
1912	-0.131639	104.158265	0.009576	3.2
1913	-0.639293	104.127231	0.005801	4.2
1914	-0.477934	104.096222	0.008399	3.1
1915	0.000000	104.065238	0.000000	3.3
1916	-0.102146	104.034279	0.004971	3.8
1917	-0.944057	104.003344	0.009456	3.2
1918	0.000000	103.972433	0.000000	2.1
1919	-0.313577	103.941547	0.002644	3.7
1920	0.000000	103.910686	0.000000	2.7
1921	-0.941028	103.879849	0.026884	3.8
1922	-0.649142	103.849036	0.020392	4.3
1923	-0.531348	103.818248	0.022701	3.6
1924	-0.918778	103.787484	0.021163	3.6
1925	-1.078141	103.756744	0.018003	3.0
1926	-0.476698	103.726029	0.002836	2.4
1927	-0.000029	103.695338	0.000008	4.0
1928	0.000000	103.664671	0.000000	2.2
1929	-0.742023	103.634028	0.008859	3.5
1930	-0.000000	103.603409	0.000000	3.5
1931	-0.885307	103.572814	0.011584	3.5
1932	-0.753752	103.542244	0.006754	2.2
1933	-0.780759	103.511698	0.008414	3.3
1934	0.000000	103.481175	0.000000	3.5
1935	-0.628118	103.450677	0.010566	2.4
1936	0.000000	103.420202	0.000000	3.1
1937	0.000000	103.389752	0.000000	3.8
1938	-0.112957	103.359325	0.008669	3.1
1939	-0.444981	103.328922	0.006172	3.0
1940	-0.784114	103.298543	0.005836	2.4
1941	-0.998878	103.268188	0.006782	3.3
1942	-0.845478	103.237857	0.007380	4.3
1943	-1.057286	103.207549	0.016787	3.2
1944	-0.732586	103.177265	0.003822	3.5
1945	-1.147628	103.147005	0.017141	3.2
1946	-0.000216	103.116768	0.000056	2.2
1947	-0.731242	103.086556	0.005345	3.8
1948	0.000000	103.056366	0.000000	2.8
1949	-0.281911	103.026200	0.009744	3.0
1950	-0.848943	102.996058	0.006440	3.1
1951	0.000000	102.965939	0.000000	3.6
1952	-0.844892	102.935844	0.004595	3.3
1953	-1.002182	102.905772	0.020686	3.4
1954	-0.940196	102.875724	0.012801	3.4
1955	-0.000284	102.845699	0.000065	3.2
1956	-0.878978	102.815697	0.008832	3.0
1957	-0.102657	102.785719	0.004324	3.3
1958	0.000000	102.755764	0.000000	2.1
1959	0.000000	102.725832	0.000000	3.8
1960	-0.000000	102.695924	0.000000	3.6
1961	-0.705268	102.666038	0.008610	2.6
1962	-0.894785	102.636176	0.011821	4.2
1963	-0.563767	102.606337	0.006627	3.7
1964	-0.804592	102.576521	0.006373	3.0
1965	-0.160791	102.546728	0.003239	3.3
1966	-0.789992	102.516959	0.012835	4.3
1967	-0.171329	102.487212	0.002029	2.3
1968	-0.504022	102.457488	0.014920	2.6
1969	-0.102494	102.427788	0.003563	3.1
1970	-0.911529	102.398110	0.009082	2.6
1971	-0.913538	102.368455	0.007572	2.9
1972	-1.073021	102.338823	0.009639	2.8
1973	-0.763800	102.309214	0.007052	3.8
1974	0.000000	102.279628	0.000000	3.3
1975	-0.000000	102.250064	0.000000	3.7
1976	-0.048643	102.220524	0.003243	2.8
1977	0.000000	102.191006	0.000000	3.0
1978	-0.536190	102.161511	0.007522	3.5
1979	-0.169119	102.132038	0.006142	3.5
1980	-0.289315	102.102588	0.007350	3.3
1981	-0.688262	102.073161	0.005469	2.6
1982	-0.700891	102.043757	0.019353	3.6
1983	-1.087762	102.014375	0.022699	2.7
1984	-1.023257	101.985015	0.008838	3.7
1985	-0.121822	101.955678	0.003011	3.5
1986	-0.055360	101.926364	0.001835	2.3
1987	-0.275491	101.897072	0.011336	2.9
1988	-0.018182	101.867802	0.000999	3.5
1989	-0.308369	101.838555	0.003796	3.5
1990	0.000000	101.809330	0.000000	2.6
1991	-1.077628	101.780128	0.006914	3.1
1992	-0.865492	101.750948	0.007148	3.7
1993	-0.367848	101.721790	0.009233	2.9
1994	-0.565635	101.692654	0.009598	2.9
1995	-0.000138	101.663541	0.000089	2.6
1996	-0.000000	101.634450	0.000000	3.2
1997	-0.762012	101.605381	0.003402	2.3
1998	-0.613949	101.576335	0.011233	3.8
1999	-0.000024	101.547310	0.000008	3.4
