1:ItNr	2:Metric	3a:Time	3b:StepSize	4:||Gradient||	Time[ms]
0	-0.699065	0.000000	76.720319	0.010583	576.3
1	-0.704581	0.000000	76.720319	0.011279	1.1
2	-0.701979	0.000000	76.720319	0.015105	1.6
3	-0.700003	1.000000	73.233032	0.016050	1.4
4	-0.682641	2.000000	70.048987	0.011606	1.0
5	-0.712806	3.000000	67.130279	0.014522	2.0
6	-0.706983	3.999875	64.445390	0.008212	0.9
7	-0.707301	4.999875	61.966710	0.011578	1.4
8	-0.704852	5.999467	59.672538	0.014583	1.2
9	-0.712349	6.999453	57.541364	0.011246	0.8
10	-0.681204	7.999453	55.557141	0.010193	1.8
11	-0.698532	8.999378	53.705338	0.013128	1.0
12	-0.679362	8.541602	54.537555	0.018383	0.8
13	-0.678196	9.541602	52.751874	0.013280	1.2
14	-0.698247	10.541602	51.079420	0.017750	1.4
15	-0.699906	11.541602	49.509755	0.020560	0.9
16	-0.679069	12.541602	48.033685	0.024689	1.3
17	-0.690082	13.541602	46.643081	0.016928	1.2
18	-0.687872	14.541602	45.330729	0.013721	0.8
19	-0.661117	15.541602	44.090205	0.014690	1.9
20	-0.651604	16.540471	42.917061	0.006877	1.1
21	-0.709824	17.540461	41.803514	0.009059	1.0
22	-0.731295	18.511533	40.776112	0.015393	1.7
23	-0.682176	18.119074	41.185195	0.018296	0.9
24	-0.694364	17.661298	41.672856	0.011971	1.4
25	-0.672892	18.661298	40.622138	0.011950	1.2
26	-0.734606	19.661298	39.623101	0.010805	0.9
27	-0.689741	20.661298	38.672024	0.012785	1.4
28	-0.724939	21.661297	37.765535	0.013327	0.9
29	-0.686702	22.657449	36.903822	0.014783	1.2
30	-0.681868	22.199672	37.294882	0.013346	1.1
31	-0.700139	23.199672	36.451101	0.008057	0.9
32	-0.688837	22.742217	36.832306	0.011699	1.7
33	-0.680792	23.737351	36.013011	0.016287	1.2
34	-0.727833	24.737351	35.225624	0.016380	0.8
35	-0.697614	25.737351	34.471930	0.014448	1.0
36	-0.735168	25.279575	34.812911	0.010606	1.5
37	-0.686541	26.279575	34.076591	0.012183	0.8
38	-0.702444	25.821799	34.409757	0.013553	2.0
39	-0.688070	26.821799	33.690216	0.016750	1.0
40	-0.679241	27.821799	33.000151	0.010489	1.0
41	-0.692859	27.364024	33.312503	0.013934	1.5
42	-0.686495	28.364022	32.637671	0.013489	0.9
43	-0.680240	29.364022	31.989636	0.009970	1.1
44	-0.679601	28.906273	32.283050	0.015014	1.4
45	-0.667613	29.906273	31.648884	0.008913	0.9
46	-0.685369	29.448497	31.936070	0.010377	1.1
47	-0.689148	28.990722	32.228515	0.017907	1.3
48	-0.705935	28.532947	32.526365	0.009634	1.0
49	-0.682553	29.532947	31.882698	0.010755	1.0
50	-0.659419	29.075176	32.174160	0.015100	1.5
51	-0.672700	30.075153	31.544236	0.011526	0.9
52	-0.705352	29.706139	31.773800	0.009939	1.2
53	-0.721923	30.703575	31.160838	0.009750	1.4
54	-0.689035	31.703433	30.569673	0.007766	1.0
55	-0.696240	31.245657	30.837524	0.008593	1.1
56	-0.672764	32.245649	30.258373	0.014607	1.3
57	-0.678062	31.787873	30.520774	0.012156	1.0
58	-0.669838	32.786835	29.953923	0.013375	1.1
59	-0.669500	33.687635	29.460530	0.005929	1.3
60	-0.696682	33.229859	29.709218	0.009731	1.0
61	-0.694386	32.772207	29.962072	0.018380	1.0
62	-0.679970	33.772207	29.415041	0.011844	1.3
63	-0.663710	33.314431	29.662959	0.016272	1.1
64	-0.669764	34.314431	29.126698	0.008612	0.9
65	-0.686396	33.856655	29.369759	0.012896	1.4
66	-0.706156	34.856655	28.843953	0.007850	1.2
67	-0.692534	34.399312	29.082071	0.009945	0.9
68	-0.710371	35.399312	28.566425	0.014437	1.2
69	-0.710653	34.941536	28.800187	0.013495	1.1
70	-0.699609	35.941536	28.294402	0.013443	0.8
71	-0.693936	36.587826	27.976863	0.011499	1.8
72	-0.698959	37.587826	27.499343	0.009923	1.0
73	-0.686884	38.587826	27.037850	0.011367	0.8
74	-0.734358	38.151393	27.237342	0.013449	2.0
75	-0.672778	38.996716	26.853582	0.007957	1.0
76	-0.699335	39.990552	26.416005	0.010194	1.2
77	-0.669359	40.987133	25.991308	0.010037	1.6
78	-0.686510	40.560966	26.171238	0.010069	0.8
79	-0.691714	40.103190	26.367309	0.013791	1.2
80	-0.694463	41.103190	25.942737	0.011615	1.3
81	-0.724990	40.645413	26.135387	0.010328	0.8
82	-0.661962	40.189051	26.330311	0.012526	1.5
83	-0.698900	39.731275	26.528781	0.010832	1.1
84	-0.693878	39.274143	26.729981	0.009335	0.8
85	-0.677686	38.816367	26.934546	0.010747	1.5
86	-0.694962	39.816367	26.491663	0.009080	1.4
87	-0.716364	40.816363	26.063111	0.015154	1.2
88	-0.683256	40.416862	26.232644	0.009875	1.4
89	-0.706638	41.416862	25.812363	0.010826	1.0
90	-0.662873	40.959151	26.003047	0.011508	1.8
91	-0.659568	40.502003	26.196329	0.011341	1.3
92	-0.694995	41.502003	25.777201	0.015434	0.9
93	-0.722827	42.502003	25.371274	0.011011	1.7
94	-0.655199	42.045559	25.554959	0.010952	0.9
95	-0.688618	43.045559	25.155947	0.008516	1.4
96	-0.700746	42.593474	25.334780	0.016513	1.2
97	-0.681452	42.179107	25.500942	0.008147	0.8
98	-0.705275	41.721369	25.687046	0.021509	1.5
99	-0.690357	42.721368	25.283932	0.012434	1.0
100	-0.684952	43.277486	25.065179	0.015672	0.9
101	-0.719217	44.266953	24.685184	0.019873	1.6
102	-0.700081	45.266953	24.312672	0.013232	1.2
103	-0.669679	44.809996	24.481489	0.009595	0.8
104	-0.691254	45.808863	24.115464	0.015722	1.5
105	-0.647252	45.352624	24.281281	0.010707	1.2
106	-0.696258	44.894848	24.449965	0.007937	0.8
107	-0.719113	44.437072	24.621008	0.017007	1.2
108	-0.679593	45.437072	24.250417	0.012269	1.4
109	-0.713595	46.361762	23.917526	0.012751	0.8
110	-0.707171	47.361762	23.567659	0.007184	1.1
111	-0.675398	48.361711	23.227897	0.013267	1.6
112	-0.696672	49.361710	22.897776	0.010136	0.8
113	-0.697397	48.905640	23.047164	0.010817	1.6
114	-0.715020	49.905576	22.722144	0.011378	1.1
115	-0.688383	49.447855	22.869777	0.010120	0.9
116	-0.697771	50.447714	22.549731	0.009889	2.5
117	-0.705366	51.399479	22.253292	0.012178	0.9
118	-0.717080	50.941702	22.394893	0.010074	1.7
119	-0.702275	51.930173	22.091360	0.017619	1.1
120	-0.693519	52.930173	21.792546	0.007990	1.0
121	-0.703210	52.472397	21.928326	0.005484	1.4
122	-0.665154	52.029205	22.061403	0.008729	1.0
123	-0.676009	53.028853	21.763497	0.008828	1.0
124	-0.676172	54.028686	21.473476	0.006078	1.3
125	-0.702009	53.591529	21.599325	0.008070	1.1
126	-0.720422	53.297212	21.684888	0.010807	1.4
127	-0.666968	52.861506	21.812806	0.021232	1.5
128	-0.691659	53.861506	21.521431	0.009502	0.8
129	-0.721838	54.861506	21.237737	0.014690	1.6
130	-0.702046	54.403730	21.366671	0.011453	1.0
131	-0.713136	55.403730	21.087016	0.009093	0.9
132	-0.749705	54.956111	21.211285	0.010347	1.5
133	-0.708971	54.607867	21.308983	0.012297	1.4
134	-0.691815	54.150109	21.438781	0.013597	0.8
135	-0.694440	53.693450	21.569853	0.009922	1.8
136	-0.703251	54.688654	21.286238	0.013616	1.0
137	-0.694047	55.687864	21.008887	0.006128	0.8
138	-0.692592	55.230089	21.135050	0.009211	2.4
139	-0.676156	56.229778	20.861470	0.005444	0.8
140	-0.688770	55.775326	20.984954	0.008750	1.5
141	-0.679254	56.774183	20.715444	0.010476	1.1
142	-0.680448	56.316559	20.838055	0.010036	0.8
143	-0.712522	57.163871	20.612166	0.012175	1.6
144	-0.690723	58.099707	20.368302	0.009992	1.2
145	-0.680423	57.663738	20.481187	0.007531	0.8
146	-0.705641	58.544302	20.254458	0.013099	1.7
147	-0.693314	58.086526	20.371697	0.013848	0.9
148	-0.689692	57.674835	20.478298	0.013124	0.9
149	-0.655419	57.217059	20.598150	0.007348	1.8
150	-0.682223	58.128681	20.360844	0.013197	1.0
151	-0.680320	59.128681	20.106742	0.009114	0.8
152	-0.690506	58.670905	20.222272	0.009562	1.8
153	-0.718000	58.213129	20.339137	0.011575	1.1
154	-0.684572	57.755576	20.457303	0.015753	1.0
155	-0.712063	58.755576	20.200803	0.008089	1.3
156	-0.701906	58.297805	20.317419	0.010592	1.0
157	-0.701798	58.687862	20.217969	0.007548	0.9
158	-0.705317	58.230086	20.334784	0.015963	1.8
159	-0.686680	59.230086	20.081328	0.009138	0.9
160	-0.702002	60.230086	19.834113	0.015882	2.1
161	-0.698299	61.221415	19.594977	0.013997	1.1
162	-0.683988	62.221415	19.359521	0.009783	2.7
163	-0.666290	63.221415	19.129656	0.013239	1.1
164	-0.686905	62.772345	19.232203	0.013334	0.9
165	-0.669909	63.765613	19.006843	0.013391	2.8
166	-0.704128	64.765613	18.785229	0.018050	1.5
167	-0.675929	65.765613	18.568724	0.018234	1.4
168	-0.697422	65.307837	18.667212	0.014794	0.9
169	-0.682535	64.859278	18.764736	0.008529	2.3
170	-0.673084	65.859278	18.548700	0.009645	1.0
171	-0.687690	65.401502	18.646976	0.006180	1.5
172	-0.649949	66.341667	18.446255	0.011325	1.5
173	-0.662552	65.885870	18.543023	0.012135	1.7
174	-0.697369	66.885869	18.332034	0.015610	1.2
175	-0.695386	67.885869	18.125791	0.016848	0.9
176	-0.659883	68.885869	17.924138	0.009205	1.8
177	-0.717169	68.428093	18.015890	0.007341	1.0
178	-0.698792	69.267838	17.848292	0.017407	1.1
179	-0.715569	68.810062	17.939267	0.012395	1.0
180	-0.670859	69.810062	17.741720	0.013087	1.1
181	-0.695792	69.352286	17.831610	0.015439	1.1
182	-0.685429	70.351522	17.636561	0.010942	1.1
183	-0.691526	70.967655	17.518406	0.007467	1.1
184	-0.649020	71.172533	17.479467	0.014701	1.1
185	-0.679122	70.715160	17.566635	0.013541	0.9
186	-0.652729	71.715160	17.377166	0.012491	1.8
187	-0.709189	72.715142	17.191744	0.013323	0.9
188	-0.677992	73.715142	17.010234	0.014479	0.9
189	-0.710826	74.715142	16.832517	0.012833	1.6
190	-0.692641	75.714529	16.658580	0.009981	1.0
191	-0.704648	75.256834	16.737790	0.014676	1.0
192	-0.667210	76.256834	16.565691	0.008975	1.2
193	-0.679163	77.256834	16.397096	0.014083	1.1
194	-0.728714	76.799077	16.473844	0.011311	1.3
195	-0.712085	77.799073	16.307103	0.016066	1.4
196	-0.698368	78.799073	16.143704	0.010495	0.9
197	-0.711296	79.799069	15.983547	0.013915	1.0
198	-0.675842	79.341569	16.056423	0.010827	1.7
199	-0.689180	80.341568	15.897985	0.009038	1.0
200	-0.702070	81.341567	15.742643	0.013639	1.0
201	-0.712044	80.883794	15.813376	0.015655	1.3
202	-0.745542	81.883794	15.659674	0.012514	1.1
203	-0.686577	82.883790	15.508933	0.013975	0.8
204	-0.674948	82.426014	15.577577	0.009831	1.8
205	-0.691277	82.155248	15.618466	0.016349	1.0
206	-0.674923	83.062440	15.482308	0.009569	0.9
207	-0.671941	82.803726	15.520895	0.013479	1.4
208	-0.698768	83.803726	15.372800	0.014037	1.2
209	-0.715192	83.345951	15.440242	0.012183	1.2
210	-0.711280	84.300864	15.300223	0.013817	1.2
211	-0.726377	85.300851	15.156292	0.010659	1.0
212	-0.691630	85.293180	15.157386	0.010752	1.1
213	-0.704331	86.293180	15.016115	0.015041	1.1
214	-0.664321	85.835404	15.080457	0.011700	0.9
215	-0.688809	85.377628	15.145353	0.010873	1.6
216	-0.701316	85.248671	15.163735	0.010689	1.0
217	-0.696484	84.790895	15.229351	0.015857	0.8
218	-0.683915	85.788701	15.087052	0.009398	1.3
219	-0.697193	86.788701	14.947084	0.008471	1.5
220	-0.681934	87.701700	14.821541	0.015679	0.8
221	-0.709475	87.243924	14.884223	0.020586	1.6
222	-0.697581	88.243924	14.747975	0.012850	1.1
223	-0.721061	87.786147	14.810036	0.010714	0.8
224	-0.658740	88.786147	14.675137	0.012949	1.9
225	-0.676946	89.786147	14.542673	0.009153	1.0
226	-0.695132	90.786126	14.412582	0.016707	1.1
227	-0.684491	91.786126	14.284795	0.008694	1.7
228	-0.722276	92.786126	14.159254	0.011782	0.9
229	-0.677921	92.366206	14.211702	0.007548	1.5
230	-0.687251	91.910063	14.269115	0.010184	1.0
231	-0.707091	92.909838	14.143877	0.015385	1.2
232	-0.665064	93.909838	14.020790	0.012263	1.4
233	-0.711153	94.909838	13.899827	0.009348	1.0
234	-0.703077	95.909457	13.780978	0.011796	1.0
235	-0.682897	96.909457	13.664101	0.010692	1.3
236	-0.695782	96.451681	13.717358	0.008838	1.1
237	-0.689445	95.993925	13.771029	0.008424	0.8
238	-0.683703	95.538074	13.824896	0.010462	1.8
239	-0.706135	96.538055	13.707277	0.010554	1.1
240	-0.699296	96.080279	13.760872	0.011311	0.8
241	-0.709814	96.367398	13.727208	0.013058	1.7
242	-0.725510	95.909622	13.780959	0.012838	1.2
243	-0.692717	96.909411	13.664106	0.011854	0.9
244	-0.696537	96.451823	13.717341	0.011367	2.1
245	-0.694159	95.994188	13.770998	0.013374	0.8
246	-0.690268	96.994188	13.654289	0.013049	1.5
247	-0.711138	97.994122	13.539549	0.014025	1.0
248	-0.716174	98.994122	13.426714	0.009600	0.9
249	-0.696005	99.994117	13.315744	0.009876	1.2
250	-0.682390	99.536341	13.366315	0.012379	1.5
251	-0.696523	99.172097	13.406829	0.009506	0.9
252	-0.686378	100.151492	13.298447	0.009434	1.0
253	-0.664155	101.072979	13.198062	0.011065	1.3
254	-0.676923	102.072973	13.090825	0.017297	1.0
255	-0.709439	101.615197	13.139698	0.012671	1.1
256	-0.665955	102.615197	13.033403	0.010214	1.5
257	-0.713378	102.157476	13.081843	0.008157	1.0
258	-0.701827	103.157476	12.976478	0.010884	0.8
259	-0.721282	104.156018	12.872946	0.012433	2.0
260	-0.700012	105.156018	12.770907	0.011634	0.9
261	-0.678572	104.698242	12.817416	0.008652	1.3
262	-0.679015	104.241737	12.864136	0.009376	1.2
263	-0.680722	103.822666	12.907325	0.011670	0.9
264	-0.686641	104.822666	12.804741	0.015779	1.8
265	-0.690441	104.364890	12.851499	0.012021	1.2
266	-0.702789	103.907114	12.898598	0.014846	0.8
267	-0.692122	103.449448	12.946033	0.007608	1.5
268	-0.721762	103.286154	12.963043	0.009263	1.0
269	-0.677851	104.286054	12.859585	0.012315	1.1
270	-0.686047	103.923012	12.896957	0.017952	1.3
271	-0.706637	103.465236	12.944391	0.011946	0.8
272	-0.699624	104.465236	12.841220	0.009879	1.9
273	-0.700436	105.465236	12.739681	0.011986	1.0
274	-0.678559	105.007459	12.785963	0.009566	0.8
275	-0.690453	105.154280	12.771082	0.013152	1.7
276	-0.697859	104.696504	12.817594	0.009600	1.0
277	-0.681191	104.239258	12.864390	0.011168	0.9
278	-0.693523	105.203994	12.766052	0.013328	1.6
279	-0.672660	106.203628	12.665729	0.010241	1.0
280	-0.687375	106.952432	12.591607	0.011946	0.9
281	-0.709036	107.952431	12.493962	0.013221	1.4
282	-0.705595	108.952431	12.397819	0.013494	1.0
283	-0.669505	109.952431	12.303145	0.007692	0.8
284	-0.695651	109.495929	12.346184	0.008048	1.9
285	-0.722834	110.495058	12.252375	0.013184	1.0
286	-0.714512	110.046689	12.294295	0.015273	0.8
287	-0.710502	109.588913	12.337393	0.010773	2.4
288	-0.672963	110.588913	12.243636	0.015120	0.9
289	-0.694102	111.588913	12.151293	0.007000	1.5
290	-0.691805	111.131137	12.193392	0.011272	1.0
291	-0.689916	112.131137	12.101802	0.008785	0.9
292	-0.660446	113.129981	12.011682	0.015040	1.7
293	-0.626010	112.672505	12.052791	0.009533	1.3
294	-0.705880	113.672505	11.963294	0.015694	0.9
295	-0.668148	113.214728	12.004098	0.011610	1.2
296	-0.673201	112.756992	12.045177	0.007799	1.6
297	-0.739790	112.301183	12.086365	0.010919	0.9
298	-0.713973	113.301182	11.996370	0.006672	1.5
299	-0.668727	112.843749	12.037370	0.009998	1.1
300	-0.676270	113.732473	11.957969	0.013981	1.0
301	-0.698748	114.657896	11.876395	0.012605	1.3
302	-0.697472	115.657896	11.789489	0.014481	1.1
303	-0.709390	116.657896	11.703845	0.011356	1.0
304	-0.724576	116.200120	11.742896	0.012039	1.6
305	-0.721636	117.200120	11.657926	0.008547	1.0
306	-0.679492	116.948117	11.679222	0.009048	1.9
307	-0.704632	117.948044	11.595174	0.015408	1.1
308	-0.685153	117.490268	11.633501	0.015185	0.8
309	-0.694662	118.490268	11.550101	0.011268	1.9
310	-0.690549	118.032492	11.588131	0.021540	1.0
311	-0.743503	117.574716	11.626412	0.018289	1.0
312	-0.707747	118.574716	11.543113	0.006233	1.5
313	-0.704716	119.574716	11.460999	0.012768	1.1
314	-0.697999	119.294720	11.483873	0.009246	0.9
315	-0.663538	120.294720	11.402597	0.008121	1.4
316	-0.691864	119.836977	11.439657	0.008069	1.0
317	-0.683809	119.696503	11.451079	0.012669	1.1
318	-0.716328	120.696503	11.370264	0.008874	1.6
319	-0.678790	120.247880	11.406378	0.010777	0.9
320	-0.703883	121.247813	11.326197	0.008534	2.0
321	-0.694526	120.803531	11.361683	0.008823	1.1
322	-0.664167	121.786465	11.283469	0.013163	0.8
323	-0.667490	122.784191	11.205173	0.010088	1.6
324	-0.683530	122.327469	11.240879	0.010495	1.0
325	-0.700946	123.327077	11.163025	0.010077	1.0
326	-0.701083	122.874056	11.198174	0.005076	1.3
327	-0.690341	122.459601	11.230525	0.014365	0.9
328	-0.715605	122.001834	11.266476	0.009480	0.8
329	-0.672052	121.544144	11.302651	0.007516	1.9
330	-0.702509	122.491584	11.228022	0.010391	1.1
331	-0.711682	123.490526	11.150397	0.011276	0.8
332	-0.680985	124.490526	11.073757	0.014692	2.3
333	-0.736231	125.490525	10.998163	0.014581	0.8
334	-0.710813	125.032749	11.032640	0.007199	1.2
335	-0.693873	124.779691	11.051791	0.012516	1.2
336	-0.689682	125.779691	10.976496	0.010072	0.9
337	-0.689509	126.779691	10.902220	0.015697	1.8
338	-0.718470	127.779691	10.828942	0.012281	1.2
339	-0.689720	127.321915	10.862365	0.014912	0.8
340	-0.663843	128.321915	10.789620	0.011133	1.0
341	-0.697987	129.321915	10.717843	0.010452	1.7
342	-0.750289	128.864139	10.750582	0.011922	0.8
343	-0.698128	129.862822	10.679415	0.012357	1.3
344	-0.651707	129.405050	10.711919	0.009681	1.5
345	-0.693801	130.372594	10.643450	0.008674	0.8
346	-0.683923	129.940852	10.673894	0.009008	1.6
347	-0.674263	130.940715	10.603654	0.011127	1.0
348	-0.678323	130.561853	10.630160	0.005854	0.9
349	-0.704509	130.129143	10.660596	0.008953	1.3
350	-0.692562	131.103260	10.592322	0.010026	1.7
351	-0.694915	130.645484	10.624297	0.015211	0.8
352	-0.686878	130.373098	10.643415	0.013663	1.5
353	-0.689224	131.373098	10.573564	0.018153	0.9
354	-0.660041	130.915321	10.605426	0.009898	1.5
355	-0.669718	130.457545	10.637481	0.012290	1.1
356	-0.697086	130.034158	10.667300	0.010426	0.8
357	-0.692517	129.584146	10.699179	0.011200	1.7
358	-0.674793	129.486682	10.706108	0.011478	1.2
359	-0.726788	130.486682	10.635435	0.008791	0.8
360	-0.690590	131.486682	10.565688	0.011249	1.6
361	-0.678763	131.028906	10.597502	0.011197	0.8
362	-0.719660	132.028906	10.528251	0.010249	1.7
363	-0.684559	131.571130	10.559840	0.012659	0.8
364	-0.698895	131.113354	10.591619	0.015295	2.3
365	-0.728680	132.113354	10.522444	0.014554	0.8
366	-0.670448	133.113354	10.454167	0.011428	1.5
367	-0.728638	134.113354	10.386770	0.011611	1.7
368	-0.682055	135.113354	10.320236	0.006904	0.8
369	-0.665869	134.655577	10.350588	0.010324	1.5
370	-0.654143	135.254624	10.310906	0.009075	1.2
371	-0.709187	136.254624	10.245338	0.018290	1.0
372	-0.692800	135.800180	10.275031	0.010099	1.3
373	-0.709497	136.800180	10.209917	0.007739	1.2
374	-0.713898	137.800052	10.145631	0.007061	0.8
375	-0.726176	138.799756	10.082160	0.010071	1.5
376	-0.700515	138.342095	10.111118	0.009795	1.0
377	-0.666300	139.342095	10.048058	0.010375	0.8
378	-0.662720	138.902049	10.075710	0.010833	2.2
379	-0.671210	138.444272	10.104638	0.010820	1.0
380	-0.690472	139.444272	10.041659	0.006019	1.1
381	-0.698299	138.986659	10.070382	0.013193	1.4
382	-0.718187	139.448102	10.041420	0.009852	1.0
383	-0.709823	139.112413	10.062472	0.009650	0.8
384	-0.715991	138.654718	10.091319	0.010645	2.0
385	-0.674949	139.650931	10.028742	0.010273	0.9
386	-0.693366	140.650931	9.966702	0.005426	1.0
387	-0.704992	141.596209	9.908759	0.011982	1.2
388	-0.674403	142.596130	9.848196	0.009800	1.0
389	-0.671208	143.590101	9.788722	0.012641	0.8
390	-0.710275	144.590087	9.729608	0.011600	1.6
391	-0.680015	145.590087	9.671204	0.015935	1.4
392	-0.732223	146.590087	9.613496	0.011891	1.0
393	-0.700638	147.590015	9.556478	0.011213	1.1
394	-0.699335	148.567859	9.501368	0.012776	1.8
395	-0.700841	148.110083	9.527088	0.015601	1.0
396	-0.681465	149.110083	9.471083	0.005990	0.9
397	-0.708876	149.863360	9.429328	0.013077	1.7
398	-0.720568	149.405586	9.454659	0.011792	1.0
399	-0.693862	150.253632	9.407840	0.011015	0.8
400	-0.725328	151.253267	9.353243	0.012189	1.1
401	-0.692495	152.253267	9.299257	0.008969	1.4
402	-0.659397	153.250683	9.246028	0.014185	0.9
403	-0.713868	152.792907	9.270382	0.007351	1.3
404	-0.683241	152.770308	9.271588	0.006813	1.7
405	-0.680071	152.312655	9.296071	0.014441	0.8
406	-0.690535	153.312653	9.242741	0.013399	1.1
407	-0.692284	152.854877	9.267078	0.010753	1.5
408	-0.731031	153.854877	9.214079	0.007660	0.8
409	-0.694032	154.344738	9.188338	0.010296	1.4
410	-0.699681	153.887186	9.212377	0.007913	1.5
411	-0.675585	154.873667	9.160705	0.013014	0.8
412	-0.717823	154.415898	9.184611	0.008341	1.0
413	-0.711461	153.983477	9.207308	0.007088	1.7
414	-0.682780	154.980148	9.155162	0.007073	0.8
415	-0.674149	155.947630	9.105105	0.012360	1.4
416	-0.711727	156.946486	9.053996	0.010467	1.5
417	-0.710314	156.488808	9.077343	0.009481	1.0
418	-0.678851	156.032251	9.100753	0.006054	1.8
419	-0.732095	155.638418	9.121044	0.009299	1.2
420	-0.730159	156.638418	9.069697	0.008400	1.0
421	-0.691044	156.180940	9.093115	0.011437	1.2
422	-0.698201	157.180940	9.042082	0.008086	1.3
423	-0.689513	157.029675	9.049765	0.009856	0.8
424	-0.697537	158.029675	8.999216	0.009664	1.0
425	-0.719806	158.823607	8.959484	0.011099	1.3
426	-0.660441	158.365831	8.982350	0.011229	1.0
427	-0.721414	157.908168	9.005328	0.009086	1.1
428	-0.691843	158.904702	8.955445	0.013513	1.2
429	-0.685777	159.904702	8.905942	0.010563	1.0
430	-0.692393	160.904702	8.856982	0.018504	0.8
431	-0.730524	160.446926	8.879328	0.017344	1.8
432	-0.669197	161.446926	8.830660	0.010380	1.0
433	-0.692251	160.998642	8.852411	0.011109	0.8
434	-0.680724	161.998642	8.804036	0.013653	1.3
435	-0.684018	161.542182	8.826052	0.013853	1.0
436	-0.706010	161.086123	8.848158	0.007885	0.9
437	-0.730822	162.083137	8.799973	0.014831	0.8
438	-0.658758	161.679934	8.819396	0.011695	1.1
439	-0.688970	161.239978	8.840688	0.009026	1.4
440	-0.689129	160.895392	8.857436	0.012724	0.8
441	-0.665198	160.437621	8.879783	0.010165	1.0
442	-0.695477	159.979879	8.902242	0.009583	1.3
443	-0.719500	160.783071	8.862908	0.012696	1.2
444	-0.705258	161.783071	8.814420	0.012669	1.0
445	-0.688394	161.325295	8.836551	0.010806	1.4
446	-0.685037	160.867519	8.858793	0.009868	1.2
447	-0.713790	161.867519	8.810349	0.008088	0.9
448	-0.710927	162.867363	8.762440	0.011184	1.7
449	-0.680543	162.409995	8.784291	0.013038	1.0
450	-0.667227	161.952219	8.806270	0.011220	0.8
451	-0.712940	162.756570	8.767723	0.009986	1.7
452	-0.649574	163.756570	8.720267	0.009152	1.4
453	-0.695363	163.853974	8.715673	0.012467	0.8
454	-0.653259	163.396198	8.737310	0.008228	1.1
455	-0.688053	164.394740	8.690250	0.011271	1.6
456	-0.695421	165.394740	8.643628	0.008568	1.0
457	-0.679749	164.943210	8.664617	0.012071	1.2
458	-0.695721	165.588803	8.634638	0.012406	1.6
459	-0.688054	165.131027	8.655874	0.010001	0.9
460	-0.696172	166.131023	8.609618	0.008473	1.2
461	-0.688548	167.131008	8.563855	0.012933	0.9
462	-0.691007	166.673232	8.584744	0.003543	1.0
463	-0.693088	167.671607	8.539317	0.013063	1.3
464	-0.713910	167.232651	8.559231	0.007308	1.1
465	-0.690451	167.265215	8.557750	0.011684	0.8
466	-0.668999	166.807800	8.578593	0.008920	1.6
467	-0.704970	166.352809	8.599426	0.010479	0.9
468	-0.715000	166.284038	8.602584	0.014449	1.6
469	-0.692721	165.880864	8.621143	0.010833	1.0
470	-0.690958	166.880860	8.575257	0.008284	0.8
471	-0.720871	167.747000	8.535906	0.011338	1.0
472	-0.703630	168.747000	8.490921	0.014450	1.3
473	-0.656855	168.289224	8.511455	0.014926	1.0
474	-0.684040	167.831447	8.532089	0.012185	0.8
475	-0.673245	168.831046	8.487161	0.012419	1.7
476	-0.687586	169.831046	8.442687	0.012547	1.0
477	-0.675422	169.373270	8.462988	0.012823	0.9
478	-0.696975	170.373270	8.418766	0.016238	1.0
479	-0.698152	171.373270	8.375003	0.010822	1.0
480	-0.721945	170.915494	8.394980	0.016033	1.0
481	-0.678675	170.457718	8.415052	0.014186	1.0
482	-0.681834	171.457718	8.371328	0.007787	1.5
483	-0.692671	171.002866	8.391160	0.008162	0.8
484	-0.680160	171.220326	8.381667	0.012219	1.3
485	-0.666130	170.762549	8.401675	0.009123	1.0
486	-0.682869	171.315668	8.377511	0.008094	0.9
487	-0.693224	172.315466	8.334184	0.006952	0.8
488	-0.693327	173.188707	8.296706	0.009228	1.1
489	-0.655057	172.737361	8.316035	0.010580	1.5
490	-0.709211	172.279585	8.335731	0.009559	0.8
491	-0.701660	171.821809	8.355521	0.015836	1.6
492	-0.682065	172.821766	8.312414	0.010112	0.8
493	-0.687645	173.821766	8.269747	0.012776	1.2
494	-0.684260	173.482553	8.284171	0.018035	1.0
495	-0.726717	173.024777	8.303716	0.011845	1.0
496	-0.725205	173.829695	8.269410	0.014963	1.1
497	-0.690984	174.829695	8.227183	0.016331	1.1
498	-0.689140	175.755496	8.188471	0.012729	0.9
499	-0.708518	175.297720	8.207567	0.009486	2.4
500	-0.655580	174.841105	8.226704	0.009576	0.9
501	-0.705845	174.589457	8.237288	0.011714	1.4
502	-0.715127	175.589453	8.195387	0.007587	1.0
503	-0.681573	175.267118	8.208847	0.015665	0.9
504	-0.687092	176.267089	8.167235	0.007689	1.0
505	-0.686468	175.810092	8.186200	0.009441	1.2
506	-0.694752	175.352316	8.205285	0.008063	1.0
507	-0.713789	174.894544	8.224459	0.016052	0.8
508	-0.657514	174.436768	8.243724	0.013994	1.9
509	-0.700798	175.436762	8.201758	0.007549	0.9
510	-0.709421	174.978987	8.220916	0.011595	0.9
511	-0.719011	175.978984	8.179181	0.014701	1.2
512	-0.668057	176.978984	8.137867	0.016276	1.4
513	-0.645864	177.968097	8.097412	0.013062	0.8
514	-0.697841	177.510321	8.116085	0.009247	1.6
515	-0.716201	178.509953	8.075420	0.010889	0.8
516	-0.684565	178.052225	8.093990	0.017024	1.3
517	-0.679252	177.594449	8.112647	0.018271	1.1
518	-0.705695	178.594449	8.072002	0.007792	0.9
519	-0.721008	178.136673	8.090558	0.009422	0.8
520	-0.717605	179.136673	8.050132	0.010516	1.9
521	-0.711440	179.425514	8.038531	0.008019	1.5
522	-0.698004	178.967739	8.056933	0.015057	2.1
523	-0.703432	179.967589	8.016848	0.011129	1.1
524	-0.700075	179.510174	8.035137	0.015002	0.9
525	-0.706761	180.510174	7.995262	0.017285	1.2
526	-0.687304	181.510174	7.955782	0.010787	1.7
527	-0.735868	181.053042	7.973781	0.014196	0.9
528	-0.662072	182.053042	7.934512	0.011015	1.0
529	-0.672467	181.595321	7.952438	0.006820	1.6
530	-0.695865	181.137552	7.970447	0.007563	1.0
531	-0.718662	182.092799	7.932958	0.013629	0.9
532	-0.687942	183.092799	7.894089	0.012373	1.0
533	-0.707564	184.092799	7.855599	0.016034	1.9
534	-0.702297	185.092799	7.817482	0.017917	0.8
535	-0.690472	186.092799	7.779733	0.014943	0.9
536	-0.687358	185.635023	7.796968	0.011721	1.7
537	-0.701167	186.592978	7.760988	0.009097	1.0
538	-0.731323	186.135205	7.778140	0.011573	0.9
539	-0.696671	185.677429	7.795368	0.008014	1.1
540	-0.741422	185.219653	7.812673	0.010649	1.3
541	-0.694699	186.219540	7.774975	0.008886	0.8
542	-0.678660	187.219540	7.737635	0.011341	1.4
543	-0.706161	188.038923	7.707305	0.018522	1.1
544	-0.678377	187.581147	7.724220	0.014653	0.9
545	-0.672656	188.581147	7.687365	0.013118	0.9
546	-0.691263	189.541399	7.652304	0.009859	1.2
547	-0.712793	190.541399	7.616130	0.008733	1.1
548	-0.670905	190.083631	7.632646	0.013604	0.9
549	-0.643738	189.626513	7.649211	0.011267	1.2
550	-0.697210	190.626487	7.613067	0.011387	1.0
551	-0.709853	191.626487	7.577262	0.008749	0.9
552	-0.683995	191.485284	7.582298	0.012594	1.0
553	-0.700451	192.485284	7.546781	0.008475	1.5
554	-0.703209	193.485173	7.511599	0.011768	0.8
555	-0.684677	194.485173	7.476740	0.012806	1.8
556	-0.670417	195.485173	7.442203	0.007925	1.0
557	-0.680580	196.051089	7.422799	0.014865	0.8
558	-0.692042	195.593312	7.438488	0.015534	2.0
559	-0.731111	196.593312	7.404302	0.005709	1.1
560	-0.672981	196.212725	7.417276	0.011368	0.8
561	-0.681248	196.192143	7.417979	0.016474	1.7
562	-0.698727	195.734367	7.433647	0.014998	0.8
563	-0.717544	195.276591	7.449381	0.012430	1.8
564	-0.699055	194.818815	7.465182	0.013341	0.8
565	-0.688036	195.818815	7.430751	0.015737	1.0
566	-0.685206	196.798068	7.397342	0.011897	1.2
567	-0.691019	196.340292	7.412922	0.008513	1.3
568	-0.691861	197.340289	7.378971	0.011839	0.8
569	-0.684353	198.340289	7.345330	0.011004	1.1
570	-0.720490	197.884971	7.360609	0.012291	1.4
571	-0.683684	198.884971	7.327134	0.010543	1.1
572	-0.678672	198.427406	7.342413	0.008828	1.0
573	-0.696797	197.969643	7.357763	0.010179	2.1
574	-0.691972	197.511867	7.373177	0.010162	0.9
575	-0.682259	198.511867	7.339588	0.009742	1.7
576	-0.692534	199.511850	7.306304	0.016434	1.1
577	-0.685109	199.054074	7.321504	0.007237	0.8
578	-0.695690	198.596298	7.336766	0.013334	1.5
579	-0.665734	199.596298	7.303507	0.011387	1.3
580	-0.688260	199.138522	7.318695	0.016643	0.8
581	-0.677110	198.680746	7.333946	0.011838	1.1
582	-0.712952	198.222970	7.349260	0.013225	1.3
583	-0.703735	199.222970	7.315889	0.013052	1.0
584	-0.710565	200.135010	7.285715	0.011213	1.7
585	-0.691237	200.380197	7.277646	0.011964	1.2
586	-0.671173	199.922421	7.292726	0.017843	0.8
587	-0.675687	200.922421	7.259864	0.013007	1.1
588	-0.680409	201.648965	7.236174	0.015495	1.0
589	-0.684948	201.306442	7.247324	0.010750	0.9
590	-0.703713	200.849865	7.262239	0.013219	1.1
591	-0.712936	201.847826	7.229717	0.015617	1.0
592	-0.682616	202.847826	7.197419	0.015949	0.9
593	-0.676662	203.847826	7.165409	0.010798	0.9
594	-0.681804	204.847826	7.133683	0.010479	1.2
595	-0.674194	205.714417	7.106415	0.012180	0.9
596	-0.719439	206.714417	7.075207	0.013188	0.9
597	-0.690720	206.256641	7.089459	0.008777	1.0
598	-0.689104	207.024770	7.065578	0.010228	1.1
599	-0.699772	206.566994	7.079791	0.016985	1.0
600	-0.686125	207.566994	7.048816	0.011771	0.8
601	-0.695386	207.109218	7.062962	0.008229	1.8
602	-0.686542	208.073314	7.033236	0.010451	1.0
603	-0.718480	207.630908	7.046846	0.006871	0.8
604	-0.682312	207.173144	7.060983	0.011278	1.7
605	-0.704624	208.044298	7.034127	0.013835	0.8
606	-0.695226	207.586522	7.048214	0.012906	1.4
607	-0.722479	207.128747	7.062357	0.012183	0.8
608	-0.728545	208.128747	7.031535	0.010700	1.2
609	-0.707867	209.128747	7.000980	0.009435	1.1
610	-0.693076	208.670970	7.014934	0.012215	0.9
611	-0.694895	208.222058	7.028672	0.015675	0.9
612	-0.663863	209.222058	6.998142	0.011978	1.6
613	-0.695068	208.764282	7.012085	0.011373	0.9
614	-0.699195	209.481023	6.990279	0.010083	0.9
615	-0.687893	209.023249	7.004191	0.008861	1.4
616	-0.682332	210.023072	6.973878	0.012396	1.3
617	-0.700494	211.023072	6.943821	0.009376	0.8
618	-0.686308	210.565296	6.957548	0.008947	1.1
619	-0.664159	211.324279	6.934819	0.011686	1.3
620	-0.719402	210.868929	6.948437	0.013229	0.9
621	-0.719583	211.868573	6.918609	0.007911	1.0
622	-0.693013	212.649823	6.895476	0.009914	1.3
623	-0.681165	212.192047	6.909012	0.008760	0.9
624	-0.700162	213.192044	6.879511	0.009986	1.1
625	-0.709143	214.192044	6.850260	0.006091	1.3
626	-0.654851	214.195984	6.850145	0.014985	0.9
627	-0.691899	215.195984	6.821144	0.009671	1.0
628	-0.691424	214.741029	6.834308	0.012862	1.0
629	-0.686997	215.741029	6.805439	0.007451	0.9
630	-0.700175	215.283253	6.818624	0.010543	1.5
631	-0.669595	214.825477	6.831860	0.010525	0.8
632	-0.687289	215.825425	6.803014	0.014841	1.2
633	-0.680631	216.816949	6.774650	0.012686	1.1
634	-0.677755	216.420754	6.785956	0.010581	1.0
635	-0.706683	217.420754	6.757494	0.008391	0.8
636	-0.659880	218.420754	6.729269	0.009087	1.8
637	-0.677869	219.416861	6.701388	0.013050	0.9
638	-0.663989	218.959085	6.714173	0.009991	0.8
639	-0.719257	219.681122	6.694030	0.009767	1.8
640	-0.676842	219.223354	6.706786	0.016241	0.9
641	-0.694956	220.223354	6.678983	0.011688	1.1
642	-0.691916	221.223354	6.651409	0.020531	1.1
643	-0.741795	220.765578	6.664004	0.014550	1.0
644	-0.655562	220.307802	6.676646	0.008760	0.9
645	-0.684607	221.307802	6.649091	0.012574	1.2
646	-0.724953	222.300370	6.621966	0.015645	1.0
647	-0.710834	223.300369	6.594860	0.009496	0.9
648	-0.670641	224.300369	6.567975	0.011576	0.8
649	-0.672329	223.843751	6.580224	0.007689	1.3
650	-0.685409	223.390123	6.592438	0.009083	1.2
651	-0.694752	223.655728	6.585281	0.012810	0.8
652	-0.705529	223.197952	6.597626	0.016688	1.2
653	-0.681846	224.197913	6.570720	0.011216	1.0
654	-0.743263	223.806690	6.581220	0.007946	1.0
655	-0.653982	223.348914	6.593550	0.014039	1.2
656	-0.726937	222.891336	6.605920	0.008925	1.2
657	-0.691419	222.433560	6.618343	0.011862	0.8
658	-0.692981	223.433560	6.591266	0.014585	1.7
659	-0.689462	222.975784	6.603634	0.016641	0.9
660	-0.706720	223.975784	6.576677	0.012404	1.0
661	-0.694619	224.975784	6.549940	0.008041	1.7
662	-0.697870	224.518090	6.562151	0.009810	0.8
663	-0.700119	225.518090	6.535531	0.011381	1.1
664	-0.685884	225.064374	6.547582	0.008717	1.3
665	-0.682508	225.860137	6.526476	0.010205	1.1
666	-0.690701	225.611271	6.533062	0.014243	2.1
667	-0.684381	225.153539	6.545210	0.015218	1.1
668	-0.684534	226.153539	6.518728	0.009594	1.1
669	-0.699207	227.153539	6.492459	0.016030	1.4
670	-0.682371	228.153539	6.466401	0.006643	1.0
671	-0.687992	229.152228	6.440585	0.010133	0.8
672	-0.696840	228.727070	6.451550	0.008019	2.2
673	-0.702532	228.269432	6.463395	0.009618	0.8
674	-0.692134	229.260982	6.437786	0.011024	1.1
675	-0.721444	230.260981	6.412164	0.009895	1.1
676	-0.696214	231.260981	6.386746	0.008599	0.9
677	-0.730084	230.803231	6.398356	0.008108	0.8
678	-0.740074	230.399796	6.408624	0.009591	2.6
679	-0.699001	229.949564	6.420122	0.013687	0.8
680	-0.694507	230.949564	6.394640	0.015810	1.8
681	-0.707402	231.949564	6.369359	0.012602	1.0
682	-0.722589	231.491789	6.380907	0.007482	0.8
683	-0.732891	231.034014	6.392497	0.019155	1.8
684	-0.645012	230.576624	6.404119	0.016978	0.8
685	-0.683772	231.576624	6.378764	0.008237	1.8
686	-0.715454	231.118892	6.390345	0.015227	0.9
687	-0.684974	230.661116	6.401969	0.013512	1.1
688	-0.720079	231.320572	6.385237	0.015258	1.2
689	-0.693613	232.320572	6.360031	0.012036	1.1
690	-0.685293	233.320572	6.335023	0.005520	0.9
691	-0.691325	234.320566	6.310211	0.016140	1.3
692	-0.677876	233.862808	6.321545	0.012077	1.0
693	-0.716204	234.854133	6.297052	0.011366	0.9
694	-0.694008	234.403115	6.308172	0.006876	1.0
695	-0.697770	235.403115	6.283569	0.011374	1.3
696	-0.684810	234.945339	6.294808	0.011576	1.0
697	-0.707632	234.487563	6.306087	0.011238	0.8
698	-0.696585	235.487557	6.281500	0.008051	1.1
699	-0.681763	235.029793	6.292731	0.006363	1.8
700	-0.691529	236.029728	6.268250	0.009312	0.9
701	-0.709385	236.986208	6.245011	0.011640	1.6
702	-0.710751	236.562682	6.255280	0.013293	1.3
703	-0.711205	237.555363	6.231264	0.012168	1.2
704	-0.703621	238.555363	6.207256	0.012392	1.5
705	-0.697218	238.097587	6.218224	0.010591	1.0
706	-0.673206	237.639812	6.229229	0.007193	0.9
707	-0.681885	237.182041	6.240274	0.007311	1.0
708	-0.688744	238.061592	6.219088	0.014099	1.7
709	-0.701678	237.610794	6.229928	0.019697	0.8
710	-0.713552	238.610794	6.205931	0.008417	0.8
711	-0.698621	239.610794	6.182118	0.017620	0.9
712	-0.709455	240.610794	6.158487	0.009234	1.5
713	-0.688204	241.610794	6.135036	0.009647	0.8
714	-0.700479	241.153018	6.145749	0.009157	1.1
715	-0.711524	241.575040	6.135872	0.013742	1.2
716	-0.698411	241.141515	6.146019	0.009429	0.8
717	-0.697016	242.141515	6.122663	0.008740	1.1
718	-0.700561	243.113413	6.100132	0.011652	1.2
719	-0.680545	244.113413	6.077123	0.010355	1.0
720	-0.698471	243.655637	6.087634	0.009213	0.8
721	-0.655799	243.784814	6.084664	0.009684	1.9
722	-0.689779	244.392462	6.070733	0.010144	1.0
723	-0.684550	243.935395	6.081206	0.015055	0.8
724	-0.676508	243.478496	6.091712	0.007317	1.6
725	-0.704965	243.973985	6.080320	0.011911	0.8
726	-0.722502	244.623570	6.065451	0.010964	1.3
727	-0.719297	245.623570	6.042702	0.015344	1.1
728	-0.688378	246.623570	6.020123	0.014065	0.9
729	-0.689522	246.165794	6.030438	0.013357	1.3
730	-0.706223	245.708018	6.040788	0.019053	1.3
731	-0.712798	246.708018	6.018224	0.011303	0.9
732	-0.697063	246.250242	6.028532	0.010335	1.0
733	-0.709492	245.795871	6.038799	0.012190	1.4
734	-0.689377	245.338095	6.049179	0.010192	1.0
735	-0.716915	244.880319	6.059594	0.014988	0.8
736	-0.714857	245.880140	6.036892	0.011351	0.9
737	-0.715678	246.879759	6.014365	0.013777	1.7
738	-0.694735	246.421983	6.024661	0.010714	0.8
739	-0.677025	247.421622	6.002224	0.010194	1.3
740	-0.714163	247.996205	5.989403	0.011212	0.9
741	-0.672460	248.799618	5.971568	0.017210	1.0
742	-0.687257	248.341841	5.981717	0.007887	1.3
743	-0.649655	249.341841	5.959591	0.011135	1.1
744	-0.698694	248.884981	5.969679	0.018859	0.8
745	-0.696963	249.884981	5.947641	0.011320	2.0
746	-0.712815	250.884981	5.925766	0.008652	0.9
747	-0.715469	250.502556	5.934112	0.011325	0.9
748	-0.680882	250.255764	5.939511	0.007747	1.1
749	-0.675090	249.799351	5.949522	0.011128	1.1
750	-0.677600	250.799351	5.927633	0.008365	0.8
751	-0.683757	251.799348	5.905904	0.011421	1.6
752	-0.706292	251.346021	5.915734	0.010085	0.8
753	-0.688505	250.888245	5.925695	0.013295	1.2
754	-0.681702	250.481879	5.934564	0.009647	1.0
755	-0.684740	251.481879	5.912785	0.010736	0.9
756	-0.662964	252.481420	5.891174	0.013430	0.8
757	-0.673360	253.481420	5.869711	0.009659	1.5
758	-0.688642	254.480853	5.848416	0.015912	1.0
759	-0.715570	254.023077	5.858151	0.012785	0.8
760	-0.714649	253.565301	5.867918	0.007958	1.8
761	-0.749172	254.565296	5.846624	0.012136	1.0
762	-0.704060	254.107520	5.856353	0.013521	0.8
763	-0.673103	255.047010	5.836422	0.008005	1.1
764	-0.675441	256.046992	5.815355	0.010842	1.3
765	-0.697430	256.992881	5.795568	0.013586	0.9
766	-0.696050	256.535105	5.805128	0.010583	0.8
767	-0.709593	257.535105	5.784286	0.007404	1.1
768	-0.679056	257.944511	5.775796	0.007708	1.5
769	-0.704830	257.686810	5.781137	0.009401	0.8
770	-0.698093	258.684870	5.760507	0.009982	1.5
771	-0.691595	259.679034	5.740103	0.008608	0.8
772	-0.707045	260.679034	5.719725	0.007509	0.9
773	-0.703932	260.638209	5.720554	0.007120	1.1
774	-0.704864	261.637710	5.700325	0.017601	1.4
775	-0.694708	261.180172	5.709567	0.008757	0.8
776	-0.721532	260.722396	5.718845	0.011366	1.7
777	-0.708273	260.264620	5.728153	0.015661	0.8
778	-0.673308	261.264620	5.707859	0.016552	1.5
779	-0.694033	262.264620	5.687709	0.016208	0.8
780	-0.691989	263.264537	5.667702	0.018729	1.3
781	-0.658457	264.264128	5.647842	0.007308	0.9
782	-0.695220	265.264128	5.628112	0.013642	1.0
783	-0.707700	264.806352	5.637127	0.011226	1.0
784	-0.718066	265.806349	5.617472	0.011573	1.0
785	-0.656554	265.348573	5.626453	0.013865	1.0
786	-0.705745	264.890796	5.635462	0.012314	0.9
787	-0.711879	264.433020	5.644500	0.008931	1.1
788	-0.684459	265.433020	5.624794	0.008609	1.0
789	-0.688335	264.980833	5.633688	0.011125	0.8
790	-0.703689	265.980833	5.614057	0.009636	2.0
791	-0.698903	266.980831	5.594562	0.009001	1.0
792	-0.695612	267.979098	5.575236	0.008318	0.8
793	-0.711743	267.521328	5.584082	0.011129	1.1
794	-0.708232	268.089942	5.573098	0.007630	1.3
795	-0.705629	267.633397	5.581914	0.013735	0.8
796	-0.701790	267.175621	5.590781	0.009818	0.9
797	-0.721885	268.164136	5.571669	0.008022	1.0
798	-0.687226	269.164136	5.552467	0.009935	0.9
799	-0.706093	268.706822	5.561232	0.013160	1.8
800	-0.713343	268.249046	5.570033	0.013669	1.0
801	-0.680896	269.248552	5.550852	0.011547	0.8
802	-0.675690	270.248552	5.531793	0.008429	1.7
803	-0.694008	269.879180	5.538818	0.010175	0.8
804	-0.690519	269.421404	5.547548	0.010767	1.2
805	-0.696755	268.963628	5.556306	0.011452	1.3
806	-0.703052	269.963628	5.537210	0.012678	0.8
807	-0.684090	269.507144	5.545911	0.009224	1.0
808	-0.704599	269.049387	5.554663	0.012058	1.0
809	-0.679769	270.049387	5.535578	0.010861	0.8
810	-0.713464	269.591613	5.544299	0.008495	1.8
811	-0.668280	269.186375	5.552041	0.012294	0.8
812	-0.708355	268.732720	5.560734	0.010842	1.3
813	-0.703881	268.274944	5.569534	0.009993	1.4
814	-0.683647	267.932041	5.576144	0.009008	0.8
815	-0.665634	268.932036	5.556912	0.008516	1.0
816	-0.689934	269.905376	5.538319	0.011586	1.0
817	-0.688855	270.905374	5.519346	0.010021	0.9
818	-0.670268	271.905312	5.500504	0.013939	0.8
819	-0.647502	272.905312	5.481788	0.013890	1.7
820	-0.679744	273.905312	5.463200	0.014256	0.8
821	-0.695563	274.905312	5.444737	0.008602	1.8
822	-0.678931	275.578474	5.432379	0.016562	0.8
823	-0.699086	276.578473	5.414124	0.009193	0.9
824	-0.696318	277.578093	5.395998	0.012545	1.4
825	-0.686601	278.578093	5.377986	0.006680	1.0
826	-0.687188	279.578087	5.360094	0.010824	0.9
827	-0.689490	279.120340	5.368269	0.014949	1.0
828	-0.697232	278.662565	5.376470	0.013914	1.1
829	-0.696575	278.204788	5.384696	0.008355	0.9
830	-0.681472	279.204788	5.366759	0.012415	0.9
831	-0.687759	280.204783	5.348941	0.017287	0.8
832	-0.699452	279.747007	5.357083	0.011292	1.4
833	-0.654011	279.289231	5.365250	0.010289	1.1
834	-0.695630	278.831455	5.373441	0.010602	0.8
835	-0.692000	278.373679	5.381658	0.011773	1.2
836	-0.725022	279.373679	5.363741	0.009012	1.4
837	-0.701070	278.915903	5.371928	0.008958	0.9
838	-0.682194	278.458277	5.380138	0.012139	1.1
839	-0.715005	279.458277	5.362231	0.006921	1.1
840	-0.700878	279.000501	5.370413	0.008075	1.0
841	-0.680782	279.999962	5.352581	0.012764	0.9
842	-0.700320	280.999962	5.334857	0.014609	1.4
843	-0.700960	280.542186	5.342956	0.008200	1.1
844	-0.709935	280.112548	5.350580	0.006552	0.8
845	-0.674727	281.112534	5.332869	0.008049	1.7
846	-0.662484	282.112534	5.315276	0.010910	1.0
847	-0.694161	283.112534	5.297798	0.011440	0.9
848	-0.684964	284.112534	5.280434	0.007593	2.0
849	-0.710725	283.655000	5.288365	0.014328	1.0
850	-0.692658	283.197284	5.296322	0.013851	1.0
851	-0.721825	284.197284	5.278968	0.011991	1.4
852	-0.700000	283.769723	5.286374	0.008364	1.1
853	-0.695583	284.769723	5.269085	0.009384	0.8
854	-0.683112	285.342603	5.259232	0.008852	1.0
855	-0.688625	286.342552	5.242121	0.012730	1.5
856	-0.682373	285.933957	5.249099	0.013456	0.8
857	-0.674987	286.933957	5.232053	0.007413	0.9
858	-0.690776	286.476205	5.239842	0.009282	0.9
859	-0.715283	287.476205	5.222856	0.013477	1.7
860	-0.701216	287.028103	5.230454	0.007060	1.0
861	-0.703263	288.028028	5.213529	0.009688	0.9
862	-0.695768	287.581115	5.221080	0.010769	1.7
863	-0.711102	287.127202	5.228771	0.005757	0.9
864	-0.689373	287.176427	5.227936	0.011887	1.2
865	-0.697018	286.718650	5.235714	0.009667	1.2
866	-0.695016	286.260919	5.243513	0.016324	0.8
867	-0.623137	285.803143	5.251337	0.015656	1.0
868	-0.688136	285.345428	5.259183	0.014048	1.0
869	-0.679861	284.887654	5.267054	0.008651	1.0
870	-0.718306	285.887654	5.249891	0.011037	1.1
871	-0.682811	286.720459	5.235683	0.011005	0.9
872	-0.645287	286.262683	5.243483	0.008832	1.4
873	-0.664296	287.262683	5.226473	0.009220	0.9
874	-0.712277	286.806712	5.234216	0.009330	1.3
875	-0.670740	287.806708	5.217266	0.009204	1.0
876	-0.668267	287.487808	5.222659	0.013330	1.0
877	-0.687560	288.487808	5.205784	0.014838	1.1
878	-0.686891	288.030032	5.213496	0.015273	1.0
879	-0.694352	287.572256	5.221230	0.012142	0.9
880	-0.721230	288.572256	5.204364	0.012070	1.0
881	-0.714519	289.572256	5.187607	0.012806	1.0
882	-0.700250	290.572174	5.170958	0.015201	1.3
883	-0.648423	290.114398	5.178567	0.007852	0.9
884	-0.681796	291.114398	5.161975	0.012955	0.9
885	-0.690861	290.924013	5.165126	0.009436	0.9
886	-0.660752	291.923985	5.148620	0.008671	1.0
887	-0.699258	291.466213	5.156163	0.010952	1.1
888	-0.670446	291.008437	5.163728	0.008722	0.9
889	-0.675693	290.550661	5.171315	0.012103	1.0
890	-0.679130	291.550661	5.154770	0.006856	1.4
891	-0.699099	291.092885	5.162331	0.015671	1.1
892	-0.708169	290.636595	5.169889	0.011391	0.8
893	-0.690109	290.178820	5.177495	0.012941	2.1
894	-0.706515	291.178658	5.160912	0.013255	0.9
895	-0.679503	292.178456	5.144437	0.014226	0.8
896	-0.695808	293.178456	5.128062	0.015513	2.5
897	-0.697608	294.178456	5.111792	0.011049	0.8
898	-0.686723	295.178456	5.095625	0.015026	1.0
899	-0.709356	294.720680	5.103013	0.013175	1.0
900	-0.690352	295.720680	5.086901	0.009486	0.9
901	-0.694285	296.720680	5.070890	0.013785	1.1
902	-0.695329	297.720680	5.054980	0.009748	0.9
903	-0.703427	298.720680	5.039170	0.012103	1.0
904	-0.714219	298.262953	5.046394	0.007538	1.3
905	-0.696874	297.805459	5.053636	0.010719	1.1
906	-0.700981	298.805454	5.037834	0.010897	0.8
907	-0.699385	298.347680	5.045055	0.016765	1.8
908	-0.684458	297.941849	5.051475	0.006821	1.0
909	-0.707767	298.941846	5.035686	0.012404	0.9
910	-0.714366	298.484965	5.042887	0.006773	2.6
911	-0.736410	298.228889	5.046933	0.020070	0.8
912	-0.679936	299.228875	5.031172	0.008799	0.8
913	-0.666684	300.228875	5.015510	0.010971	2.1
914	-0.686961	301.193516	5.000494	0.011928	1.0
915	-0.662339	300.740091	5.007541	0.008080	0.8
916	-0.693407	300.282316	5.014676	0.011643	1.4
917	-0.671082	301.282314	4.999116	0.005966	1.3
918	-0.669077	300.824899	5.006221	0.012206	0.8
919	-0.714440	301.822477	4.990751	0.008299	1.2
920	-0.677076	302.791832	4.975810	0.011008	1.5
921	-0.684179	303.255494	4.968695	0.014369	0.8
922	-0.730015	304.255494	4.953419	0.012039	1.2
923	-0.670482	303.797718	4.960400	0.010755	1.1
924	-0.681627	303.641438	4.962788	0.008957	0.9
925	-0.732101	303.183662	4.969796	0.010247	0.8
926	-0.693976	304.183662	4.954513	0.009737	1.1
927	-0.676332	303.901279	4.958819	0.010680	1.7
928	-0.696631	303.443502	4.965816	0.007746	0.8
929	-0.682884	304.443174	4.950562	0.010620	0.8
930	-0.705916	303.985398	4.957536	0.009247	0.9
931	-0.720248	304.984883	4.942336	0.006629	1.5
932	-0.707539	304.565994	4.948695	0.010132	1.0
933	-0.692866	304.109216	4.955648	0.008621	1.0
934	-0.690248	305.109216	4.940451	0.011615	1.4
935	-0.710913	304.651516	4.947395	0.013046	0.8
936	-0.660555	304.194053	4.954355	0.011326	1.5
937	-0.718401	305.194053	4.939166	0.012426	1.1
938	-0.668261	304.736277	4.946108	0.009548	0.8
939	-0.700055	304.278531	4.953068	0.010475	2.2
940	-0.706545	303.820755	4.960049	0.009340	1.0
941	-0.706345	304.816276	4.944893	0.012629	1.4
942	-0.698715	304.358500	4.951851	0.009529	1.0
943	-0.665849	303.901758	4.958812	0.014357	0.9
944	-0.694983	303.443982	4.965809	0.011321	1.9
945	-0.683213	304.438118	4.950639	0.014755	1.1
946	-0.705991	305.438118	4.935474	0.015027	1.2
947	-0.691747	306.438118	4.920401	0.019429	1.8
948	-0.678676	307.438117	4.905419	0.010909	0.9
949	-0.649981	307.089162	4.910637	0.012561	1.5
950	-0.678246	306.631386	4.917498	0.007884	0.9
951	-0.690912	306.180136	4.924280	0.011116	0.9
952	-0.716874	307.048446	4.911246	0.010725	0.9
953	-0.675593	308.048444	4.896321	0.013975	1.7
954	-0.674795	309.048444	4.881486	0.011258	1.1
955	-0.692873	308.590682	4.888265	0.013466	1.1
956	-0.666801	308.132906	4.895064	0.013769	1.3
957	-0.673268	307.841976	4.899395	0.009528	1.0
958	-0.692311	307.384201	4.906225	0.019759	0.8
959	-0.705590	306.926496	4.913073	0.013358	1.6
960	-0.679387	307.926496	4.898136	0.014250	1.1
961	-0.698144	307.468720	4.904962	0.006125	0.8
962	-0.707454	307.150026	4.909726	0.012810	1.1
963	-0.700321	308.148869	4.894827	0.005776	1.0
964	-0.663452	309.051517	4.881440	0.008527	0.8
965	-0.714270	308.593742	4.888220	0.007335	1.4
966	-0.694626	309.501731	4.874791	0.010522	1.1
967	-0.692560	310.501730	4.860085	0.007626	0.8
968	-0.699528	310.069276	4.866434	0.015816	1.8
969	-0.698161	311.069276	4.851779	0.012740	1.0
970	-0.704346	310.611500	4.858477	0.011108	1.1
971	-0.701898	310.153724	4.865193	0.014116	0.9
972	-0.684761	309.695948	4.871928	0.010645	0.8
973	-0.682292	310.695948	4.857240	0.012720	1.4
974	-0.664131	311.695938	4.842640	0.010674	1.2
975	-0.704654	312.695937	4.828128	0.010281	0.8
976	-0.667028	313.695937	4.813703	0.013940	1.4
977	-0.722661	313.238161	4.820296	0.012870	0.8
978	-0.689942	314.238161	4.805917	0.012804	0.9
979	-0.674029	315.238161	4.791624	0.009353	1.0
980	-0.683937	316.236369	4.777441	0.013633	1.2
981	-0.661648	315.778599	4.783934	0.011914	0.9
982	-0.702226	315.320823	4.790446	0.011780	1.2
983	-0.716903	316.320435	4.776250	0.006382	0.9
984	-0.684735	317.317936	4.762168	0.012531	1.0
985	-0.683693	316.860160	4.768620	0.011095	1.3
986	-0.685519	317.744548	4.756170	0.009147	0.9
987	-0.678592	317.396059	4.761068	0.008893	1.1
988	-0.671177	317.033977	4.766168	0.011227	1.0
989	-0.671250	316.576201	4.772631	0.011556	1.1
990	-0.666595	316.118425	4.779112	0.011221	1.3
991	-0.711702	317.118425	4.764978	0.010673	0.9
992	-0.716546	316.662070	4.771417	0.015567	0.9
993	-0.701960	316.204295	4.777895	0.014186	1.1
994	-0.687821	315.746519	4.784390	0.014501	1.4
995	-0.671829	316.746426	4.770226	0.009318	0.8
996	-0.689377	317.746426	4.756144	0.011000	1.0
997	-0.705588	318.746426	4.742145	0.010341	1.1
998	-0.703789	318.367735	4.747436	0.010435	1.1
999	-0.688657	317.909961	4.753849	0.014020	1.2
