1:ItNr	2:Metric	3a:Time	3b:StepSize	4:||Gradient||	Time[ms]
0	-0.592934	0.000000	67.674386	0.011266	584.8
1	-0.627535	0.000000	67.674386	0.014948	0.9
2	-0.621934	1.000000	64.598278	0.013116	0.9
3	-0.606637	0.556132	65.928438	0.014195	1.2
4	-0.581715	1.556132	63.005577	0.013649	0.9
5	-0.572441	2.164721	61.350279	0.019472	1.0
6	-0.586058	3.164721	58.811443	0.014202	1.1
7	-0.587955	4.164721	56.474384	0.014888	1.9
8	-0.620827	5.164721	54.315966	0.022716	0.8
9	-0.604669	6.162672	52.320409	0.015636	1.7
10	-0.614496	7.162672	50.462616	0.008259	1.0
11	-0.570060	6.718804	51.270686	0.012278	0.8
12	-0.592831	6.274939	52.105052	0.016189	0.8
13	-0.647974	7.274939	50.262252	0.013687	1.3
14	-0.601922	8.274939	48.545348	0.015987	1.1
15	-0.632400	9.274939	46.941865	0.013207	0.8
16	-0.611464	10.274939	45.440924	0.018167	1.0
17	-0.628864	11.274939	44.032992	0.020456	0.9
18	-0.617871	10.831071	44.647009	0.015325	1.2
19	-0.592961	11.831071	43.287108	0.014680	1.0
20	-0.626539	11.387203	43.880359	0.015457	1.1
21	-0.622797	12.005136	43.058818	0.013735	0.8
22	-0.602548	13.005136	41.792573	0.013290	1.5
23	-0.620158	14.005007	40.598823	0.012528	0.9
24	-0.584145	15.005007	39.471235	0.014494	0.8
25	-0.642168	16.005007	38.404589	0.011760	1.1
26	-0.648602	15.561253	38.870717	0.015201	0.9
27	-0.660975	16.561252	37.835855	0.016457	0.9
28	-0.604555	17.561251	36.854668	0.011477	1.0
29	-0.611891	17.970354	36.467775	0.010065	1.0
30	-0.608833	17.534856	36.879912	0.013529	0.9
31	-0.623802	18.534853	35.947070	0.011060	1.2
32	-0.624260	19.534853	35.060251	0.011689	0.8
33	-0.614069	20.280396	34.427047	0.011975	0.9
34	-0.601052	19.841859	34.796705	0.009688	1.0
35	-0.603528	20.841854	33.965085	0.011224	0.9
36	-0.618112	20.398055	34.329200	0.015481	1.1
37	-0.638892	21.397981	33.519570	0.016368	0.9
38	-0.625708	22.397981	32.747194	0.010648	1.0
39	-0.601821	21.954113	33.085588	0.014696	0.9
40	-0.633523	22.954113	32.332858	0.011550	1.1
41	-0.601875	23.954113	31.613617	0.008751	1.0
42	-0.631692	23.708285	31.787444	0.012900	1.0
43	-0.576665	23.264417	32.106197	0.010825	1.0
44	-0.597814	22.820552	32.431406	0.010556	0.9
45	-0.630768	23.116678	32.213716	0.014284	1.0
46	-0.599273	24.116393	31.499905	0.015979	0.9
47	-0.639571	25.116393	30.816853	0.012289	1.0
48	-0.611672	24.672615	31.116285	0.009438	0.8
49	-0.607976	25.664396	30.454955	0.012388	1.2
50	-0.629396	26.664396	29.816010	0.008922	0.9
51	-0.612944	26.220600	30.096232	0.013478	0.9
52	-0.602939	27.150013	29.515301	0.020228	1.3
53	-0.589827	26.706145	29.789917	0.013850	0.8
54	-0.611269	26.262277	30.069692	0.015511	0.9
55	-0.588649	26.659293	29.819203	0.017518	1.2
56	-0.604762	26.215425	30.099530	0.010314	0.9
57	-0.605089	27.215425	29.475259	0.012770	0.8
58	-0.618622	28.204181	28.882954	0.011893	1.2
59	-0.637412	27.761589	29.145115	0.020458	0.8
60	-0.615375	28.761588	28.559421	0.017161	1.2
61	-0.621369	29.761588	27.996802	0.012686	1.2
62	-0.619415	30.761588	27.455922	0.017433	0.8
63	-0.619719	30.317720	27.693399	0.013609	1.6
64	-0.608872	31.317720	27.164068	0.011607	0.9
65	-0.617721	32.317720	26.654593	0.016361	0.8
66	-0.605781	33.317720	26.163876	0.015013	1.1
67	-0.634793	34.317720	25.690902	0.009699	0.9
68	-0.605757	33.875985	25.897706	0.011918	0.8
69	-0.608230	33.434006	26.107983	0.019098	1.1
70	-0.624387	34.434003	25.637010	0.010435	0.8
71	-0.609113	35.433948	25.182752	0.016100	1.0
72	-0.617501	34.990080	25.382391	0.009655	1.3
73	-0.626242	35.990080	24.937009	0.017543	0.9
74	-0.606760	36.990079	24.506987	0.018764	1.6
75	-0.643001	36.546212	24.696015	0.014309	1.0
76	-0.580137	37.546212	24.274194	0.017509	0.8
77	-0.603532	38.546212	23.866541	0.009488	1.7
78	-0.602711	39.546212	23.472354	0.009357	0.9
79	-0.610148	39.102382	23.645687	0.012873	1.0
80	-0.552800	40.102381	23.258703	0.009781	1.1
81	-0.620984	41.102381	22.884181	0.012559	1.0
82	-0.612789	42.099900	22.522415	0.014410	0.8
83	-0.601437	43.099900	22.171050	0.007011	1.3
84	-0.618248	44.099900	21.830481	0.014925	0.9
85	-0.599803	45.093746	21.502218	0.017753	1.1
86	-0.628403	46.093746	21.181738	0.011351	1.0
87	-0.624640	47.093746	20.870670	0.011354	0.8
88	-0.590386	46.649878	21.007608	0.011035	1.4
89	-0.620273	46.206010	21.146355	0.012598	0.8
90	-0.609861	47.204263	20.836852	0.011939	1.3
91	-0.622822	48.200617	20.536842	0.016489	0.8
92	-0.632815	47.756750	20.669420	0.011027	1.0
93	-0.613258	47.340093	20.795437	0.013386	1.0
94	-0.592746	46.896225	20.931386	0.014850	1.1
95	-0.593621	47.896225	20.627576	0.012585	1.1
96	-0.603734	47.452357	20.761332	0.011874	0.9
97	-0.587820	47.008489	20.896834	0.011500	1.0
98	-0.632429	48.008381	20.594051	0.010500	1.0
99	-0.610772	48.281631	20.512827	0.012478	0.9
100	-0.599173	49.281631	20.220961	0.010167	1.0
101	-0.615787	48.839174	20.349068	0.012272	0.9
102	-0.631523	49.836489	20.062571	0.016761	1.0
103	-0.594300	49.411268	20.183731	0.018936	1.0
104	-0.620142	50.411268	19.901091	0.015081	0.9
105	-0.627193	51.411268	19.626256	0.017781	1.0
106	-0.628893	52.411261	19.358912	0.010645	0.9
107	-0.620647	53.411261	19.098751	0.017342	1.1
108	-0.596109	54.411261	18.845489	0.010769	0.9
109	-0.633480	55.411261	18.598857	0.008080	0.9
110	-0.617104	56.322515	18.379668	0.012235	0.9
111	-0.607762	57.322106	18.145096	0.022860	0.8
112	-0.603947	56.878239	18.248514	0.014407	1.3
113	-0.629497	56.434371	18.353118	0.015137	0.9
114	-0.613722	57.434371	18.119124	0.009274	1.1
115	-0.609364	58.128744	17.960125	0.013543	0.9
116	-0.629302	59.128744	17.735984	0.013361	1.2
117	-0.597468	58.685216	17.834703	0.010274	1.0
118	-0.611921	58.241348	17.934603	0.016780	0.8
119	-0.590602	59.241348	17.711095	0.013576	1.0
120	-0.622532	60.231751	17.495155	0.015217	1.0
121	-0.592960	59.787883	17.591278	0.009755	0.9
122	-0.618543	60.787883	17.376194	0.014114	1.1
123	-0.606327	61.779144	17.168118	0.020349	0.9
124	-0.617753	62.779144	16.963197	0.012214	0.8
125	-0.621683	62.335276	17.053548	0.012572	0.9
126	-0.637166	63.335251	16.851341	0.018541	1.2
127	-0.603799	62.891383	16.940502	0.010939	1.8
128	-0.614791	62.448691	17.030370	0.014250	1.2
129	-0.594388	63.448691	16.828705	0.012789	0.8
130	-0.618404	63.121194	16.894222	0.019585	1.0
131	-0.626936	64.121191	16.695750	0.013130	1.4
132	-0.622923	63.677323	16.783267	0.011001	0.8
133	-0.594463	64.677323	16.587378	0.011309	0.8
134	-0.600922	64.233592	16.673733	0.012846	2.3
135	-0.612949	65.191689	16.488389	0.013618	1.0
136	-0.624428	66.191688	16.299284	0.009709	0.8
137	-0.616769	67.191688	16.114468	0.012918	1.7
138	-0.614643	66.747821	16.195982	0.009501	0.9
139	-0.595638	67.747821	16.013487	0.017280	1.0
140	-0.599002	68.747821	15.835060	0.011982	0.9
141	-0.599760	69.747821	15.660565	0.017138	1.1
142	-0.618150	70.747821	15.489873	0.013243	2.1
143	-0.612592	71.747821	15.322863	0.011421	1.0
144	-0.643095	72.747631	15.159446	0.009500	1.1
145	-0.600611	73.747588	14.999454	0.012253	1.2
146	-0.625626	74.580935	14.868678	0.024784	1.0
147	-0.593858	75.580935	14.714727	0.012903	1.7
148	-0.601392	76.580935	14.563932	0.008260	1.0
149	-0.596540	76.137067	14.630482	0.010011	1.0
150	-0.617784	77.134672	14.481753	0.011144	1.0
151	-0.606407	76.690856	14.547545	0.009755	1.1
152	-0.612123	76.385099	14.593219	0.018843	1.0
153	-0.631086	77.385099	14.444892	0.016772	1.1
154	-0.618538	78.385056	14.299555	0.012198	1.0
155	-0.635943	78.497769	14.283357	0.011049	0.9
156	-0.601230	79.497332	14.141292	0.010401	2.6
157	-0.617196	79.053741	14.203988	0.019993	0.8
158	-0.618220	80.048316	14.064184	0.010330	1.6
159	-0.601078	81.048316	13.926365	0.012947	0.8
160	-0.625138	82.048316	13.791221	0.008467	1.2
161	-0.581979	83.048316	13.658675	0.018416	0.8
162	-0.629589	84.048315	13.528652	0.015526	1.0
163	-0.613444	83.604448	13.586058	0.016155	0.9
164	-0.617799	83.160580	13.643954	0.017031	1.0
165	-0.627975	82.716712	13.702344	0.014433	0.9
166	-0.615116	82.272844	13.761237	0.014077	1.2
167	-0.634065	83.272844	13.629264	0.010594	1.2
168	-0.661731	82.828976	13.687529	0.012470	0.8
169	-0.579647	83.828674	13.556998	0.016496	1.4
170	-0.617717	83.384807	13.614645	0.011615	0.9
171	-0.628119	83.190454	13.640041	0.015245	1.8
172	-0.618802	82.746586	13.698399	0.011342	0.9
173	-0.620317	83.746586	13.567622	0.010028	1.6
174	-0.607263	83.322721	13.622748	0.020498	0.9
175	-0.614212	84.322654	13.493413	0.011715	1.1
176	-0.612924	83.878786	13.550520	0.016573	1.0
177	-0.630302	84.878786	13.422539	0.010604	1.1
178	-0.583744	84.434918	13.479046	0.018375	0.8
179	-0.599936	85.434918	13.352405	0.022905	0.8
180	-0.647028	86.434918	13.228121	0.018717	1.7
181	-0.591212	87.434918	13.106130	0.016052	0.8
182	-0.629759	88.434918	12.986368	0.009094	1.2
183	-0.611244	89.434918	12.868775	0.012149	1.1
184	-0.633389	88.991051	12.920707	0.010990	0.8
185	-0.601138	89.990810	12.804322	0.013776	0.8
186	-0.614884	89.547119	12.855714	0.017114	2.1
187	-0.634207	90.547119	12.740465	0.015314	0.9
188	-0.609729	91.547119	12.627263	0.015074	1.0
189	-0.613824	91.103683	12.677212	0.022282	0.9
190	-0.612296	90.659815	12.727606	0.011883	1.1
191	-0.622790	91.659815	12.614632	0.015114	1.0
192	-0.629615	91.215947	12.664529	0.010376	0.8
193	-0.608258	90.772079	12.714822	0.009446	1.2
194	-0.623456	90.328558	12.765477	0.011683	1.0
195	-0.634306	89.884690	12.816577	0.012413	0.8
196	-0.630480	90.884690	12.702025	0.015049	1.5
197	-0.609457	90.440822	12.752617	0.007409	1.0
198	-0.596762	91.440822	12.639201	0.010607	0.8
199	-0.604876	92.440822	12.527784	0.010176	1.1
200	-0.584587	91.996955	12.576995	0.011905	1.0
201	-0.620715	91.553087	12.626594	0.014495	0.9
202	-0.636017	92.553087	12.515398	0.017677	1.0
203	-0.654508	92.109220	12.564512	0.015195	0.9
204	-0.610107	93.109220	12.454402	0.015406	1.2
205	-0.620185	93.729635	12.387053	0.021840	1.0
206	-0.580275	94.729635	12.280019	0.007252	0.9
207	-0.621742	94.285767	12.327299	0.006824	1.1
208	-0.610396	95.285724	12.221295	0.013132	1.2
209	-0.626521	94.861638	12.266028	0.013038	0.8
210	-0.627009	94.419635	12.313001	0.017268	1.0
211	-0.610529	93.975767	12.360536	0.022756	0.9
212	-0.623696	94.975767	12.253957	0.012964	1.0
213	-0.607398	95.975767	12.149201	0.010597	0.9
214	-0.607440	95.531900	12.195477	0.011589	1.0
215	-0.600595	96.443932	12.100771	0.008368	1.0
216	-0.586280	96.000101	12.146674	0.011580	0.9
217	-0.632333	97.000097	12.043737	0.012778	1.1
218	-0.617839	98.000097	11.942529	0.011265	0.9
219	-0.629858	99.000097	11.843008	0.012147	1.6
220	-0.613544	98.556229	11.886977	0.016124	1.1
221	-0.597090	98.112361	11.931273	0.011717	0.8
222	-0.601653	98.184208	11.924081	0.014219	0.8
223	-0.639651	99.184208	11.824866	0.019526	1.8
224	-0.610437	100.184166	11.727292	0.012261	0.8
225	-0.584215	101.184166	11.631312	0.017309	0.9
226	-0.597512	100.740298	11.673720	0.015722	2.1
227	-0.642074	101.740298	11.578611	0.012323	0.9
228	-0.631370	101.296430	11.620634	0.022192	1.2
229	-0.600587	102.296430	11.526385	0.013059	0.9
230	-0.640485	103.296430	11.433652	0.017420	0.9
231	-0.623841	104.226678	11.348717	0.013056	1.2
232	-0.625210	103.782810	11.389086	0.008404	0.9
233	-0.605454	104.586714	11.316182	0.013316	0.8
234	-0.596702	104.142846	11.356319	0.009128	1.1
235	-0.633730	105.142846	11.266292	0.015202	1.0
236	-0.627099	104.699571	11.306022	0.009606	0.8
237	-0.632986	104.255768	11.346081	0.008666	1.2
238	-0.594667	103.811913	11.386430	0.010043	0.8
239	-0.590981	104.811913	11.295926	0.008036	1.0
240	-0.602982	105.733537	11.213781	0.010646	1.3
241	-0.598275	105.291462	11.253034	0.012267	0.8
242	-0.627098	104.847594	11.292724	0.017385	1.0
243	-0.605702	105.847594	11.203698	0.009428	0.9
244	-0.609166	105.403883	11.243026	0.013435	1.1
245	-0.592510	106.403883	11.154779	0.012014	1.0
246	-0.638117	107.402534	11.068022	0.018440	0.9
247	-0.633220	108.402508	10.982493	0.016916	1.0
248	-0.622172	107.983508	11.018169	0.008760	0.9
249	-0.605152	108.983122	10.933436	0.013052	1.3
250	-0.615741	108.539254	10.970899	0.012663	1.0
251	-0.608966	109.539254	10.886856	0.009998	0.8
252	-0.630295	109.097704	10.923806	0.012193	1.0
253	-0.597490	110.094544	10.840742	0.013305	0.9
254	-0.613563	110.958608	10.769757	0.012351	0.9
255	-0.591487	111.958599	10.688757	0.013129	0.9
256	-0.637912	111.514731	10.724559	0.015381	1.2
257	-0.620178	112.514731	10.644235	0.015022	0.9
258	-0.578738	112.070863	10.679739	0.011163	0.9
259	-0.601279	113.069598	10.600182	0.013289	1.0
260	-0.616694	112.740762	10.626245	0.011435	0.9
261	-0.589250	112.296962	10.661624	0.011243	0.8
262	-0.636934	113.101378	10.597670	0.018417	1.3
263	-0.604860	112.657510	10.632864	0.008173	0.8
264	-0.608225	113.657510	10.553902	0.012405	1.0
265	-0.602793	114.656942	10.476147	0.011980	1.2
266	-0.633715	114.213075	10.510538	0.017702	0.8
267	-0.599057	115.213075	10.433375	0.014988	1.3
268	-0.609589	116.213075	10.357337	0.012383	1.0
269	-0.590025	115.858926	10.384139	0.019610	0.8
270	-0.600929	116.858926	10.308815	0.012176	1.4
271	-0.610423	117.858911	10.234576	0.013331	0.8
272	-0.601169	118.858911	10.161398	0.012452	1.6
273	-0.588377	118.415044	10.193750	0.011901	1.0
274	-0.588654	119.415044	10.121153	0.011232	0.8
275	-0.627559	118.971176	10.153248	0.016998	1.1
276	-0.598183	118.532610	10.185161	0.016288	1.1
277	-0.622243	119.532610	10.112686	0.015550	0.9
278	-0.637657	119.088742	10.144728	0.013705	1.1
279	-0.636612	118.644874	10.176973	0.017153	1.0
280	-0.623417	119.644874	10.104614	0.016479	1.1
281	-0.606815	120.644874	10.033276	0.017671	0.9
282	-0.609385	120.201006	10.064816	0.014101	1.4
283	-0.614559	120.020343	10.077710	0.008086	1.0
284	-0.598969	121.020343	10.006750	0.016608	0.9
285	-0.608445	120.627561	10.034502	0.010137	0.9
286	-0.615543	120.183693	10.066050	0.016893	1.4
287	-0.629762	121.183693	9.995254	0.012752	0.8
288	-0.643667	122.183689	9.925447	0.013463	1.0
289	-0.644033	123.183317	9.856634	0.011059	0.9
290	-0.600197	123.463912	9.837489	0.009672	0.8
291	-0.599828	123.020044	9.867808	0.011558	1.0
292	-0.582489	124.020044	9.799763	0.012646	1.0
293	-0.600725	125.020044	9.732651	0.012635	1.3
294	-0.571502	124.576176	9.762326	0.017715	0.9
295	-0.623851	125.575306	9.695781	0.019011	1.2
296	-0.598019	126.575306	9.630081	0.011932	1.4
297	-0.618422	127.575306	9.565265	0.015990	1.0
298	-0.609830	127.131438	9.593926	0.017041	0.9
299	-0.626688	128.131438	9.529594	0.014560	1.1
300	-0.589280	127.687570	9.558043	0.014903	0.8
301	-0.596576	127.243702	9.586661	0.013687	1.1
302	-0.612169	128.243700	9.522426	0.019347	1.0
303	-0.621504	129.243700	9.459046	0.012836	1.0
304	-0.613320	130.243700	9.396505	0.009609	0.8
305	-0.630210	130.104811	9.405141	0.009311	1.6
306	-0.593979	131.103152	9.343410	0.012196	1.1
307	-0.628979	132.103124	9.282385	0.016517	0.8
308	-0.595936	131.659353	9.309368	0.012922	1.1
309	-0.609696	131.215485	9.336515	0.009414	0.8
310	-0.629083	131.950064	9.291674	0.007802	1.0
311	-0.627385	132.941907	9.231808	0.009261	1.3
312	-0.634108	133.065662	9.224392	0.015681	0.9
313	-0.626278	132.622003	9.251032	0.014064	1.8
314	-0.618363	132.178135	9.277839	0.018536	1.0
315	-0.649959	133.178135	9.217663	0.009611	1.8
316	-0.635937	132.734267	9.244277	0.010851	1.2
317	-0.631947	132.290410	9.271044	0.008631	1.1
318	-0.633654	131.846543	9.297967	0.011912	1.5
319	-0.606849	132.846521	9.237532	0.017408	0.9
320	-0.591253	132.402653	9.264260	0.018356	2.0
321	-0.628922	133.402653	9.204260	0.016754	1.1
322	-0.585491	133.111649	9.221640	0.014383	1.1
323	-0.602008	132.667781	9.248276	0.008144	1.1
324	-0.619779	133.667778	9.188482	0.011772	2.1
325	-0.610347	134.667679	9.129462	0.012880	0.9
326	-0.572736	134.223818	9.155567	0.012843	1.4
327	-0.603015	135.223818	9.096962	0.013442	1.0
328	-0.632581	136.223818	9.039102	0.015384	0.8
329	-0.624703	135.779950	9.064693	0.008909	1.5
330	-0.629565	135.336664	9.090396	0.016196	1.0
331	-0.590969	136.239980	9.038173	0.008139	2.0
332	-0.603475	137.239955	8.981057	0.016361	0.9
333	-0.601542	136.796087	9.006320	0.009722	1.1
334	-0.609789	137.794739	8.949680	0.015608	1.2
335	-0.611444	137.350871	8.974767	0.012008	0.8
336	-0.587612	136.907004	8.999994	0.020681	0.9
337	-0.622886	136.463136	9.025364	0.017711	1.8
338	-0.618856	137.463136	8.968408	0.007039	0.9
339	-0.577432	138.463136	8.912167	0.007832	2.1
340	-0.636053	138.450906	8.912851	0.010498	0.9
341	-0.635786	138.007067	8.937729	0.010746	1.4
342	-0.595899	137.564710	8.962663	0.012807	0.9
343	-0.633452	138.564710	8.906494	0.013834	0.8
344	-0.588850	139.564571	8.851032	0.015490	2.0
345	-0.625728	139.242986	8.868795	0.016214	0.8
346	-0.594208	138.799118	8.893429	0.014525	1.5
347	-0.617700	139.799118	8.838121	0.013751	0.9
348	-0.612236	139.355256	8.862585	0.016560	1.3
349	-0.638171	138.911388	8.887185	0.014573	0.9
350	-0.594201	138.467520	8.911922	0.006290	1.3
351	-0.647400	138.786205	8.894148	0.015016	0.9
352	-0.624444	138.342403	8.918920	0.011242	1.0
353	-0.626026	139.342403	8.863296	0.014006	1.0
354	-0.596547	138.900152	8.887810	0.015902	1.0
355	-0.621607	138.456286	8.912550	0.013951	0.9
356	-0.633861	138.032847	8.936280	0.012832	1.5
357	-0.636701	139.032847	8.880440	0.009291	1.1
358	-0.612702	140.032846	8.825293	0.010905	0.8
359	-0.630090	141.031184	8.770917	0.012904	1.3
360	-0.598400	140.587316	8.795010	0.017592	1.0
361	-0.641239	141.587316	8.740916	0.006869	1.0
362	-0.620302	142.553846	8.689261	0.013360	0.9
363	-0.593501	142.109988	8.712907	0.013969	1.8
364	-0.592102	143.109966	8.659816	0.013118	1.1
365	-0.610578	142.666098	8.683302	0.011559	1.1
366	-0.624630	143.666098	8.630569	0.008401	1.2
367	-0.598888	144.666091	8.578473	0.013013	0.9
368	-0.607499	145.665990	8.527007	0.017528	1.5
369	-0.601032	145.222123	8.549777	0.013587	0.9
370	-0.615183	146.222123	8.498649	0.015755	2.1
371	-0.630002	145.778871	8.521236	0.012932	0.9
372	-0.605913	145.335003	8.543975	0.015465	1.7
373	-0.598663	146.335001	8.492916	0.012031	0.9
374	-0.619200	145.990199	8.510452	0.019391	1.1
375	-0.647614	146.990199	8.459792	0.012714	1.1
376	-0.625256	146.553839	8.481824	0.011549	0.9
377	-0.659008	147.553839	8.431503	0.009550	1.0
378	-0.630331	147.109971	8.453765	0.013595	1.0
379	-0.645077	146.666103	8.476144	0.008975	1.3
380	-0.611473	146.314680	8.493948	0.011732	1.0
381	-0.602124	147.198459	8.449317	0.015639	1.2
382	-0.607879	146.760307	8.471385	0.012597	1.2
383	-0.573970	147.760188	8.421193	0.011610	0.9
384	-0.610604	148.760188	8.371587	0.012220	1.5
385	-0.596018	148.316320	8.393533	0.011713	1.0
386	-0.623869	149.071811	8.356247	0.017408	0.8
387	-0.600520	150.071811	8.307401	0.010793	1.2
388	-0.592150	151.071763	8.259125	0.014418	1.3
389	-0.624160	152.061377	8.211896	0.009926	0.9
390	-0.618192	151.617510	8.233013	0.016691	1.2
391	-0.589826	152.617454	8.185595	0.014562	1.1
392	-0.597470	153.617454	8.138717	0.011462	1.1
393	-0.614374	154.617299	8.092381	0.014302	1.1
394	-0.590702	155.615136	8.046661	0.015108	1.1
395	-0.636022	156.614136	8.001402	0.013204	0.9
396	-0.634596	156.170268	8.021448	0.021064	1.8
397	-0.607108	155.739928	8.040979	0.017963	0.9
398	-0.607273	155.296060	8.061224	0.014732	1.4
399	-0.619755	156.296060	8.015757	0.013823	1.2
400	-0.630063	157.295842	7.970809	0.014598	0.9
401	-0.602122	158.295842	7.926353	0.007231	1.0
402	-0.608201	159.294061	7.882468	0.009553	1.0
403	-0.598547	160.294057	7.838989	0.013318	1.8
404	-0.639958	161.268506	7.797080	0.018418	1.2
405	-0.603336	162.268506	7.754535	0.017155	0.8
406	-0.642908	163.268506	7.712453	0.014005	1.3
407	-0.614878	162.824638	7.731075	0.012006	1.0
408	-0.602497	163.824638	7.689246	0.013591	0.8
409	-0.598683	163.380770	7.707757	0.009994	2.3
410	-0.625216	162.936903	7.726357	0.009760	0.8
411	-0.634988	162.493048	7.745046	0.013098	1.4
412	-0.602711	163.489331	7.703221	0.009485	1.1
413	-0.637846	163.045463	7.721799	0.013596	0.8
414	-0.606960	162.601596	7.740467	0.010970	1.6
415	-0.607006	163.601596	7.698536	0.013303	1.0
416	-0.612144	164.601596	7.657058	0.014334	1.0
417	-0.612787	165.601517	7.616027	0.011585	1.3
418	-0.629660	166.601517	7.575430	0.014782	0.9
419	-0.657622	167.586002	7.535883	0.012660	1.1
420	-0.590952	167.142139	7.553662	0.011457	1.0
421	-0.584591	168.142139	7.513726	0.015324	0.9
422	-0.603529	167.698272	7.531400	0.012044	1.3
423	-0.610085	168.698211	7.491700	0.008150	0.8
424	-0.608038	169.689322	7.452762	0.015905	1.4
425	-0.593101	170.363740	7.426496	0.012463	0.9
426	-0.626622	169.919872	7.443762	0.016641	0.9
427	-0.609914	170.919872	7.404976	0.009714	1.7
428	-0.600370	170.476004	7.422142	0.007102	2.4
429	-0.610088	171.457879	7.384276	0.016480	0.8
430	-0.605367	171.014014	7.401346	0.016140	1.5
431	-0.633578	170.570146	7.418495	0.013645	1.0
432	-0.593354	170.126354	7.435720	0.013014	1.0
433	-0.619456	171.089240	7.398447	0.016120	1.2
434	-0.636165	172.089172	7.360134	0.013231	0.9
435	-0.577877	173.058169	7.323382	0.012578	1.5
436	-0.600955	172.632685	7.339474	0.010985	0.9
437	-0.614764	173.624063	7.302088	0.012953	1.2
438	-0.584130	174.624063	7.264761	0.013415	1.1
439	-0.608080	174.180195	7.281282	0.023409	0.9
440	-0.594655	175.180195	7.244167	0.015961	2.2
441	-0.629725	176.180195	7.207428	0.014225	1.6
442	-0.626640	175.736327	7.223689	0.020046	1.1
443	-0.611856	176.736327	7.187157	0.011903	1.0
444	-0.609769	177.736327	7.150993	0.018037	1.3
445	-0.620207	177.292459	7.167000	0.020689	0.8
446	-0.619810	178.291528	7.131071	0.009340	1.4
447	-0.581721	177.847889	7.146981	0.010101	0.9
448	-0.596200	178.158539	7.135833	0.008273	1.4
449	-0.592441	177.714671	7.151772	0.009641	0.8
450	-0.597064	177.338532	7.165335	0.021533	1.5
451	-0.620283	178.338532	7.129390	0.014589	0.8
452	-0.595819	179.338532	7.093803	0.006839	1.4
453	-0.612827	178.897426	7.109457	0.018007	0.9
454	-0.602509	179.812029	7.077077	0.015364	1.1
455	-0.616089	179.368165	7.092754	0.014569	1.0
456	-0.619893	180.368165	7.057531	0.012072	1.3
457	-0.635458	181.368165	7.022657	0.012683	1.0
458	-0.624282	182.368165	6.988125	0.014542	0.9
459	-0.627212	183.368165	6.953931	0.012899	1.1
460	-0.583552	184.368044	6.920074	0.009623	0.9
461	-0.635903	183.924757	6.935044	0.012055	0.9
462	-0.625023	184.924756	6.901366	0.012973	1.3
463	-0.615093	184.480888	6.916274	0.016019	0.8
464	-0.602002	184.037020	6.931246	0.009653	1.5
465	-0.581199	185.037020	6.897606	0.012022	1.0
466	-0.621798	184.593527	6.912485	0.009167	1.0
467	-0.621826	185.101403	6.895451	0.008385	1.1
468	-0.623726	184.782911	6.906123	0.013214	0.8
469	-0.612435	185.782911	6.872725	0.010298	1.8
470	-0.638945	185.339043	6.887509	0.014002	0.9
471	-0.610391	185.000130	6.898841	0.015012	1.5
472	-0.610052	186.000130	6.865513	0.008698	1.1
473	-0.613587	186.999113	6.832539	0.013249	0.8
474	-0.623502	187.904687	6.802921	0.010652	1.1
475	-0.618040	187.460836	6.817406	0.011816	1.4
476	-0.614638	188.460836	6.784858	0.014865	0.9
477	-0.635142	188.016968	6.799267	0.014651	1.3
478	-0.628578	187.573233	6.813732	0.020072	1.1
479	-0.603929	188.573233	6.781220	0.017099	0.9
480	-0.625207	188.129365	6.795612	0.013138	1.1
481	-0.639966	189.129365	6.763272	0.013460	1.1
482	-0.611701	188.685497	6.777589	0.013313	1.1
483	-0.632218	189.685497	6.745420	0.014035	0.9
484	-0.582225	189.241629	6.759661	0.014801	1.4
485	-0.617249	190.241535	6.727664	0.015390	1.0
486	-0.638258	189.974437	6.736182	0.012729	0.8
487	-0.597500	189.530569	6.750384	0.011659	2.1
488	-0.598145	190.530569	6.718472	0.022397	0.8
489	-0.633114	190.086723	6.732598	0.011716	1.5
490	-0.625378	191.086723	6.700854	0.014529	1.0
491	-0.600994	192.086722	6.669407	0.008813	1.0
492	-0.593130	192.076658	6.669722	0.012040	1.0
493	-0.634305	191.632796	6.683645	0.013429	1.2
494	-0.628859	192.632796	6.652359	0.010482	0.8
495	-0.640396	192.195673	6.665999	0.009841	1.8
496	-0.611478	191.751805	6.679906	0.009732	1.0
497	-0.640569	192.751805	6.648655	0.015524	0.9
498	-0.575641	193.002839	6.640856	0.010200	1.2
499	-0.618949	192.558971	6.654659	0.012177	1.0
500	-0.599521	193.558966	6.623644	0.009831	2.0
501	-0.634577	194.558401	6.592933	0.013381	0.9
502	-0.619918	195.534615	6.563210	0.009914	1.1
503	-0.611836	196.534601	6.533039	0.012857	1.0
504	-0.616650	197.479671	6.504780	0.016518	1.9
505	-0.609335	198.479671	6.475142	0.021751	1.0
506	-0.611669	198.035803	6.488264	0.008221	1.2
507	-0.644151	197.591935	6.501439	0.018416	1.1
508	-0.609891	198.591935	6.471832	0.014807	0.8
509	-0.605967	199.591935	6.442494	0.010108	2.2
510	-0.616714	199.154842	6.455284	0.007462	0.8
511	-0.625038	198.711146	6.468321	0.014224	1.6
512	-0.645935	198.271630	6.481286	0.016381	1.1
513	-0.612428	197.827762	6.494432	0.013000	0.8
514	-0.602427	198.827762	6.464889	0.007136	1.0
515	-0.630916	199.805838	6.436252	0.011071	1.5
516	-0.631833	199.920595	6.432909	0.006853	1.8
517	-0.616965	200.687670	6.410650	0.014931	0.8
518	-0.613675	200.243802	6.423512	0.011063	1.4
519	-0.622456	199.800017	6.436422	0.012169	1.0
520	-0.615974	199.988173	6.430942	0.011329	0.8
521	-0.619743	200.975270	6.402344	0.010540	1.9
522	-0.640904	200.532872	6.415130	0.016481	0.9
523	-0.612341	200.089116	6.428006	0.010213	1.2
524	-0.577883	201.066644	6.399710	0.013618	1.2
525	-0.563649	202.066574	6.371022	0.012527	0.9
526	-0.592307	203.066574	6.342589	0.013500	1.1
527	-0.633232	202.622706	6.355178	0.012601	1.0
528	-0.631050	202.179114	6.367810	0.014665	1.1
529	-0.630689	201.735246	6.380499	0.012033	0.8
530	-0.624622	202.735246	6.351981	0.014740	1.4
531	-0.586405	203.735246	6.323717	0.014264	1.1
532	-0.618490	203.291379	6.336232	0.009915	0.8
533	-0.641174	204.284297	6.308305	0.011812	1.4
534	-0.647959	205.269529	6.280837	0.009570	1.0
535	-0.610078	206.269382	6.253205	0.012084	1.0
536	-0.592919	205.830255	6.265311	0.018813	1.4
537	-0.628313	206.830255	6.237811	0.016547	0.9
538	-0.584626	207.830255	6.210552	0.007343	1.4
539	-0.605425	208.583893	6.190165	0.012032	1.0
540	-0.617974	208.140070	6.202154	0.010103	0.8
541	-0.587854	209.140020	6.175206	0.009208	1.9
542	-0.614786	209.874733	6.155555	0.015599	0.9
543	-0.590583	210.874733	6.129008	0.011306	1.4
544	-0.606601	211.874733	6.102689	0.008199	1.2
545	-0.583396	211.430888	6.114343	0.009793	0.8
546	-0.622079	210.987027	6.126041	0.014756	1.5
547	-0.627127	211.987027	6.099748	0.010385	0.9
548	-0.589598	211.543159	6.111391	0.014058	1.8
549	-0.628261	211.099291	6.123078	0.017726	1.2
550	-0.610740	210.656230	6.134789	0.018094	0.9
551	-0.628752	210.212362	6.146566	0.011218	1.3
552	-0.618164	209.768494	6.158389	0.011387	1.0
553	-0.621734	209.324626	6.170257	0.013818	1.4
554	-0.592174	210.324626	6.143583	0.015952	1.3
555	-0.608118	211.324376	6.117146	0.014196	1.6
556	-0.615413	212.324296	6.090931	0.014377	1.1
557	-0.588482	211.880443	6.102540	0.014830	1.1
558	-0.600185	212.880443	6.076447	0.014648	1.1
559	-0.632793	213.880443	6.050577	0.010848	1.0
560	-0.587411	213.461109	6.061398	0.012042	1.3
561	-0.599820	213.017241	6.072895	0.013786	0.8
562	-0.647324	214.017241	6.047055	0.013814	1.5
563	-0.613717	213.573373	6.058497	0.016708	1.2
564	-0.618607	213.133275	6.069885	0.012628	0.8
565	-0.635505	212.689407	6.081414	0.010957	2.0
566	-0.600810	212.245540	6.092987	0.013276	0.9
567	-0.616784	211.801672	6.104604	0.013529	1.5
568	-0.608118	211.357804	6.116266	0.015423	1.0
569	-0.627400	210.913936	6.127972	0.014590	1.2
570	-0.623761	211.913936	6.101662	0.008544	1.1
571	-0.630252	211.470068	6.113312	0.012755	1.0
572	-0.606580	212.469605	6.087140	0.012558	1.0
573	-0.612463	212.028596	6.098660	0.010146	0.9
574	-0.595503	211.635319	6.108970	0.012488	1.0
575	-0.613609	211.192510	6.120620	0.009224	0.9
576	-0.633916	212.192173	6.094382	0.011679	0.9
577	-0.631031	212.838605	6.077534	0.019197	1.1
578	-0.599549	212.398671	6.088990	0.014096	0.9
579	-0.656182	211.954803	6.100592	0.011619	1.2
580	-0.608278	211.517899	6.112055	0.011900	1.0
581	-0.622838	211.083667	6.123490	0.018584	0.8
582	-0.631990	210.641676	6.135175	0.015404	1.0
583	-0.657926	211.641676	6.108803	0.013562	0.9
584	-0.615510	212.053765	6.098001	0.009248	0.8
585	-0.619745	212.838355	6.077541	0.015421	0.8
586	-0.618562	213.838355	6.051661	0.011200	1.2
587	-0.604909	214.838355	6.026001	0.014342	1.0
588	-0.638524	215.838355	6.000557	0.011436	0.9
589	-0.619939	215.394487	6.011824	0.014136	1.2
590	-0.648532	216.394487	5.986500	0.012112	0.9
591	-0.620916	217.394487	5.961388	0.016151	0.8
592	-0.574539	218.394487	5.936486	0.019531	1.7
593	-0.614403	217.950620	5.947514	0.016532	0.8
594	-0.644891	218.950620	5.922727	0.018182	1.0
595	-0.574068	219.950620	5.898147	0.011351	0.8
596	-0.585124	220.950620	5.873769	0.009239	0.9
597	-0.618526	220.506752	5.884565	0.012478	1.1
598	-0.586408	220.081891	5.894935	0.014678	1.7
599	-0.601797	219.638047	5.905808	0.013736	1.0
600	-0.646725	219.194179	5.916722	0.011881	0.8
601	-0.600947	218.750311	5.927676	0.017383	1.6
602	-0.582539	219.749759	5.903068	0.012079	0.9
603	-0.603283	219.305891	5.913971	0.009081	0.8
604	-0.633036	218.886084	5.924321	0.008376	1.0
605	-0.617220	219.886075	5.899727	0.014166	0.9
606	-0.630998	220.886052	5.875337	0.013882	1.1
607	-0.620592	221.886052	5.851147	0.015261	1.0
608	-0.586660	221.442184	5.861860	0.011888	1.0
609	-0.591871	222.442183	5.837781	0.013637	1.1
610	-0.595529	221.998315	5.848444	0.010611	0.9
611	-0.646704	222.998315	5.824475	0.015204	1.4
612	-0.606611	222.555521	5.835064	0.012059	1.2
613	-0.619672	223.555521	5.811204	0.008505	0.8
614	-0.588007	224.555521	5.787539	0.018534	0.9
615	-0.599764	225.555497	5.764066	0.013350	0.9
616	-0.588815	225.111629	5.774461	0.010848	0.9
617	-0.631492	226.110954	5.751109	0.015716	1.1
618	-0.617975	225.671926	5.761345	0.010156	0.9
619	-0.590367	226.671926	5.738083	0.008986	0.9
620	-0.620046	226.228061	5.748385	0.009181	1.2
621	-0.603280	225.784233	5.758723	0.016836	1.0
622	-0.623143	225.341748	5.769067	0.016346	2.2
623	-0.618456	226.341748	5.745743	0.011388	1.0
624	-0.583530	225.897880	5.756073	0.010814	1.5
625	-0.597038	225.501361	5.765332	0.012205	1.0
626	-0.618954	226.501332	5.742038	0.015027	2.1
627	-0.626568	227.501332	5.718932	0.022964	1.0
628	-0.633118	228.501332	5.696010	0.018685	1.0
629	-0.595315	228.057464	5.706162	0.009616	1.3
630	-0.611524	228.944722	5.685906	0.012176	1.3
631	-0.625630	228.500855	5.696021	0.011389	1.0
632	-0.610920	228.057140	5.706169	0.012785	0.8
633	-0.584067	227.613272	5.716357	0.017719	0.9
634	-0.621617	228.613272	5.693456	0.013382	0.9
635	-0.592669	229.613272	5.670738	0.012914	1.0
636	-0.600455	229.169405	5.680799	0.020002	1.0
637	-0.619981	228.725537	5.690896	0.011176	0.8
638	-0.617184	229.725535	5.668199	0.010952	1.4
639	-0.603410	229.281730	5.678250	0.013852	0.8
640	-0.594512	230.281700	5.655653	0.010911	1.8
641	-0.627300	230.170246	5.658163	0.013975	1.1
642	-0.631185	231.170246	5.635725	0.019359	0.8
643	-0.611910	232.170246	5.613464	0.017789	0.8
644	-0.597338	231.726378	5.623323	0.010946	2.0
645	-0.606948	231.297554	5.632881	0.013416	0.9
646	-0.573730	230.853686	5.642808	0.014640	1.0
647	-0.618727	231.779171	5.622149	0.012806	0.9
648	-0.609936	231.335304	5.632038	0.016360	0.9
649	-0.600052	232.335304	5.609807	0.015410	1.1
650	-0.578823	233.335304	5.587750	0.013623	1.3
651	-0.603365	234.335303	5.565866	0.011926	0.8
652	-0.616266	235.335303	5.544153	0.012205	1.2
653	-0.598637	236.334655	5.522622	0.012197	0.8
654	-0.609993	235.890787	5.532165	0.014101	0.9
655	-0.614152	236.890745	5.510714	0.011714	1.1
656	-0.613099	236.485059	5.519396	0.011530	0.9
657	-0.604723	236.041191	5.528928	0.014696	1.0
658	-0.577865	235.598519	5.538466	0.010038	1.0
659	-0.592188	236.525911	5.518521	0.007859	0.9
660	-0.619894	237.525911	5.497175	0.009421	1.0
661	-0.614678	237.082171	5.506626	0.014530	0.9
662	-0.586120	238.082171	5.485372	0.015094	1.2
663	-0.613269	237.640767	5.494734	0.007501	0.8
664	-0.613570	237.266402	5.502698	0.010205	0.9
665	-0.618636	236.823139	5.512159	0.010532	1.0
666	-0.612240	237.823118	5.490862	0.013975	0.9
667	-0.608809	238.027729	5.486525	0.012444	0.9
668	-0.555433	237.583861	5.495943	0.012787	1.1
669	-0.616941	237.139993	5.505393	0.009124	0.9
670	-0.613033	238.139993	5.484148	0.013145	0.8
671	-0.608670	237.696183	5.493557	0.010086	2.1
672	-0.586122	238.691982	5.472491	0.009115	0.9
673	-0.613715	239.691717	5.451505	0.012196	1.3
674	-0.611459	239.365428	5.458336	0.016304	0.9
675	-0.599797	240.364851	5.437465	0.023162	0.9
676	-0.633883	239.921126	5.446712	0.010603	1.1
677	-0.630402	240.920951	5.425920	0.013527	0.8
678	-0.607212	240.477084	5.435131	0.011678	1.4
679	-0.631855	240.060232	5.443809	0.011003	1.1
680	-0.646593	241.060232	5.423036	0.012475	0.8
681	-0.615937	242.057829	5.402470	0.010591	0.9
682	-0.617165	243.057829	5.382011	0.014240	1.4
683	-0.579780	244.057828	5.361706	0.010979	0.8
684	-0.634194	245.057828	5.341553	0.011508	1.1
685	-0.635787	244.613965	5.350480	0.014357	1.0
686	-0.592277	245.578786	5.331115	0.010389	0.8
687	-0.613723	246.578786	5.311191	0.017691	1.0
688	-0.553152	246.134918	5.320016	0.017425	0.9
689	-0.614202	247.134918	5.300175	0.012808	0.9
690	-0.612701	246.826245	5.306284	0.012766	1.0
691	-0.619497	246.382377	5.315093	0.014708	1.0
692	-0.604240	245.973077	5.323241	0.013222	0.8
693	-0.655390	246.973075	5.303377	0.011532	1.5
694	-0.605007	246.529207	5.312176	0.008003	0.8
695	-0.609855	246.321565	5.316302	0.009436	1.5
696	-0.590196	247.133249	5.300208	0.013368	0.9
697	-0.626848	246.702285	5.308741	0.010128	0.8
698	-0.593263	246.258417	5.317558	0.014554	1.2
699	-0.625336	245.814550	5.326404	0.010683	0.9
700	-0.603813	245.666425	5.329363	0.007132	1.1
701	-0.606446	245.223161	5.338236	0.014994	1.2
702	-0.595917	244.779379	5.347150	0.013051	1.0
703	-0.617999	244.335511	5.356095	0.013457	0.8
704	-0.585798	243.891643	5.365070	0.007508	1.8
705	-0.615170	244.818281	5.346367	0.016849	2.0
706	-0.645658	245.815464	5.326386	0.008493	0.9
707	-0.614963	246.815455	5.306498	0.015311	1.0
708	-0.602855	247.813617	5.286794	0.008339	1.0
709	-0.617586	247.384663	5.295243	0.009248	0.8
710	-0.596238	247.117306	5.300524	0.008240	0.9
711	-0.648447	246.673547	5.309311	0.012363	1.0
712	-0.604088	246.229744	5.318128	0.014301	0.9
713	-0.618250	245.785876	5.326977	0.012322	0.8
714	-0.631587	246.785858	5.307084	0.014569	1.1
715	-0.616720	247.785858	5.287340	0.012445	1.0
716	-0.578520	247.462035	5.293717	0.009193	0.8
717	-0.619295	248.377500	5.275727	0.017364	0.9
718	-0.606720	249.377492	5.256215	0.009998	1.2
719	-0.624432	248.933644	5.264857	0.010207	0.8
720	-0.594662	249.933644	5.245425	0.017797	1.0
721	-0.636766	250.933644	5.226136	0.011577	0.9
722	-0.599086	250.489776	5.234680	0.015783	1.0
723	-0.609386	250.046051	5.243250	0.009065	1.0
724	-0.614518	251.013873	5.224594	0.010586	1.0
725	-0.605242	250.651291	5.231568	0.010311	0.8
726	-0.647568	250.210831	5.240064	0.013486	1.1
727	-0.627788	251.210830	5.220814	0.008966	0.9
728	-0.630828	251.655596	5.212298	0.012304	0.9
729	-0.603614	252.585155	5.194588	0.010058	1.1
730	-0.610188	252.141287	5.203029	0.013594	0.9
731	-0.602631	253.141278	5.184050	0.011713	1.1
732	-0.624437	252.697410	5.192457	0.013464	1.0
733	-0.618154	252.253550	5.200892	0.010873	0.9
734	-0.613399	251.969003	5.206313	0.014117	1.2
735	-0.624516	252.969002	5.187310	0.007396	0.9
736	-0.605736	252.525134	5.195728	0.012757	0.9
737	-0.604662	253.524995	5.176804	0.017379	1.6
738	-0.628852	253.855244	5.170584	0.018687	0.9
739	-0.623568	253.416312	5.178854	0.011016	1.1
740	-0.636825	254.416312	5.160051	0.012952	1.0
741	-0.623463	253.972444	5.168380	0.013918	0.9
742	-0.640461	253.823238	5.171186	0.017061	1.8
743	-0.610462	253.379375	5.179552	0.017285	0.9
744	-0.634798	252.935507	5.187944	0.013533	0.8
745	-0.622024	252.492466	5.196348	0.013056	1.0
746	-0.597879	253.492466	5.177418	0.011418	0.9
747	-0.649116	253.048598	5.185803	0.013065	0.8
748	-0.622047	252.604731	5.194216	0.014027	1.2
749	-0.611968	252.160863	5.202656	0.009097	0.8
750	-0.609015	251.717002	5.211124	0.020282	0.9
751	-0.618176	252.717002	5.192086	0.013042	0.9
752	-0.608424	252.273134	5.200519	0.017752	1.2
753	-0.607984	251.868223	5.208236	0.011387	0.9
754	-0.635351	252.868223	5.189219	0.011898	2.1
755	-0.618307	253.864379	5.170412	0.014767	0.9
756	-0.624966	253.420519	5.178775	0.010575	0.9
757	-0.638954	252.980661	5.187089	0.013350	1.2
758	-0.655164	253.980661	5.168226	0.009565	0.8
759	-0.620071	253.536793	5.176582	0.013869	1.0
760	-0.609711	254.536790	5.157794	0.008230	0.9
761	-0.613559	255.358543	5.142458	0.012861	1.0
762	-0.654255	254.934698	5.150357	0.015872	1.1
763	-0.614341	255.934698	5.131759	0.011187	0.8
764	-0.595108	255.493083	5.139955	0.013878	1.2
765	-0.567945	256.493083	5.121433	0.008558	0.9
766	-0.639973	256.049215	5.129638	0.015411	1.5
767	-0.574558	255.605369	5.137869	0.009102	0.8
768	-0.597405	256.602322	5.119417	0.011502	2.0
769	-0.593417	256.158455	5.127616	0.010626	0.9
770	-0.623753	257.158448	5.109182	0.016109	1.4
771	-0.609269	256.714580	5.117348	0.008413	0.9
772	-0.592747	256.272907	5.125499	0.014379	1.5
773	-0.609169	257.272907	5.107080	0.014280	1.1
774	-0.592113	258.271339	5.088822	0.014820	0.8
775	-0.626013	258.056564	5.092739	0.007575	1.4
776	-0.616897	257.612704	5.100852	0.019925	1.0
777	-0.625588	257.485316	5.103185	0.018286	0.9
778	-0.621504	258.485316	5.084926	0.018791	1.2
779	-0.621250	258.041448	5.093014	0.017880	0.9
780	-0.615069	257.597581	5.101129	0.014561	0.9
781	-0.622610	258.597579	5.082884	0.012334	1.0
782	-0.571585	258.153712	5.090966	0.010880	1.0
783	-0.647792	258.975729	5.076019	0.015363	0.8
784	-0.619804	258.553961	5.083677	0.017739	1.1
785	-0.621269	258.110093	5.091762	0.010071	0.9
786	-0.624488	259.110093	5.073584	0.019146	0.8
787	-0.598330	258.666225	5.081637	0.012411	1.3
788	-0.584382	258.222357	5.089715	0.012537	1.1
789	-0.616545	257.778489	5.097818	0.016191	0.8
790	-0.614920	258.778489	5.079597	0.009074	1.1
791	-0.637523	258.334621	5.087669	0.007070	1.0
792	-0.609904	257.890920	5.095763	0.011763	0.8
793	-0.632962	258.890807	5.077559	0.015998	1.2
794	-0.610278	258.446943	5.085624	0.013054	0.8
795	-0.621581	259.429306	5.067809	0.015710	1.1
796	-0.589296	260.429303	5.049801	0.010646	0.8
797	-0.594971	261.429303	5.031922	0.017074	1.0
798	-0.606223	260.986162	5.039829	0.013357	1.0
799	-0.628143	260.542294	5.047775	0.011596	0.9
800	-0.629590	261.542214	5.029911	0.008971	1.1
801	-0.645397	261.100577	5.037785	0.011880	0.9
802	-0.611910	262.100577	5.019990	0.013928	1.0
803	-0.648801	261.657268	5.027863	0.014665	1.0
804	-0.618548	261.213401	5.035771	0.014873	0.9
805	-0.600620	262.011537	5.021570	0.012962	1.0
806	-0.628080	263.011537	5.003889	0.012769	0.8
807	-0.620751	262.567669	5.011721	0.017076	1.2
808	-0.579329	262.132773	5.019419	0.004972	0.9
809	-0.601985	263.132765	5.001754	0.013941	0.8
810	-0.621942	262.704533	5.009304	0.012123	1.6
811	-0.601227	262.260665	5.017153	0.007221	0.8
812	-0.604134	261.818030	5.025005	0.011742	0.9
813	-0.627216	262.818019	5.007301	0.011700	0.9
814	-0.609896	262.374151	5.015144	0.013552	0.9
815	-0.605360	261.930283	5.023012	0.013949	1.0
816	-0.580888	262.930283	5.005321	0.012821	0.9
817	-0.613075	263.930283	4.987754	0.018703	0.9
818	-0.611006	264.930270	4.970310	0.013795	0.8
819	-0.596457	264.486402	4.978038	0.010446	1.6
820	-0.648173	264.050554	4.985649	0.023865	0.9
821	-0.633531	263.606686	4.993425	0.013883	0.9
822	-0.605537	264.606686	4.975941	0.011616	1.3
823	-0.610629	265.598870	4.958715	0.011896	0.8
824	-0.608671	265.169790	4.966150	0.012023	0.9
825	-0.613196	264.804884	4.972491	0.008799	1.0
826	-0.596343	264.361069	4.980224	0.017606	1.0
827	-0.619527	265.361069	4.962833	0.014538	1.0
828	-0.635309	266.360955	4.945564	0.014290	0.8
829	-0.588072	265.917087	4.953215	0.012082	1.1
830	-0.609793	265.473221	4.960890	0.010137	1.0
831	-0.648723	265.927147	4.953042	0.018948	0.8
832	-0.631472	266.927147	4.935839	0.012441	1.2
833	-0.615504	267.927147	4.918756	0.011754	0.8
834	-0.660890	268.927147	4.901790	0.013948	1.1
835	-0.592465	269.927146	4.884942	0.012629	1.0
836	-0.624844	270.927146	4.868208	0.013859	0.8
837	-0.600913	270.483303	4.875621	0.016306	0.9
838	-0.588143	270.039435	4.883057	0.018116	0.9
839	-0.621900	271.039435	4.866336	0.017664	0.8
840	-0.623235	272.039435	4.849730	0.013692	1.3
841	-0.587812	273.039435	4.833236	0.014341	0.9
842	-0.599842	272.595567	4.840544	0.016811	0.8
843	-0.625259	273.595567	4.824112	0.016663	1.3
844	-0.609261	274.595566	4.807792	0.013286	1.1
845	-0.596558	274.151699	4.815023	0.015287	0.8
846	-0.643384	273.707831	4.822275	0.012618	1.3
847	-0.608993	273.263963	4.829549	0.013061	0.9
848	-0.611929	272.820456	4.836839	0.009959	0.8
849	-0.627936	272.376591	4.844156	0.014079	1.0
850	-0.606477	271.932723	4.851497	0.016132	1.0
851	-0.635068	271.488855	4.858859	0.016291	1.0
852	-0.611016	271.045385	4.866237	0.013864	0.9
853	-0.628542	272.045385	4.849631	0.017387	1.2
854	-0.594974	271.602407	4.856973	0.014375	0.8
855	-0.612405	272.602407	4.840431	0.011582	1.0
856	-0.608597	272.215038	4.846825	0.015938	0.8
857	-0.594484	271.771540	4.854168	0.019306	0.9
858	-0.626019	271.381607	4.860641	0.009625	0.9
859	-0.625486	272.285449	4.845662	0.013585	1.0
860	-0.627951	273.285449	4.829196	0.006879	1.0
861	-0.639835	274.282233	4.812894	0.014114	0.8
862	-0.617793	275.258413	4.797035	0.009937	1.2
863	-0.583368	274.814545	4.804233	0.014201	1.0
864	-0.623363	275.814545	4.788047	0.009786	0.8
865	-0.643700	275.370677	4.795218	0.014766	1.1
866	-0.619331	274.926809	4.802411	0.013479	0.8
867	-0.627245	275.925830	4.786253	0.008480	1.2
868	-0.597910	276.925830	4.770188	0.010067	1.0
869	-0.623679	276.503028	4.776967	0.011019	0.8
870	-0.627161	276.059160	4.784105	0.014367	1.7
871	-0.625279	277.059160	4.768054	0.007700	0.8
872	-0.623110	278.059160	4.752110	0.013421	1.1
873	-0.630773	277.615292	4.759174	0.008611	1.0
874	-0.601977	278.615264	4.743290	0.014050	0.9
875	-0.597368	278.171397	4.750328	0.008037	1.0
876	-0.589754	279.171397	4.734502	0.013970	0.9
877	-0.597995	280.170391	4.718798	0.011865	1.0
878	-0.593044	281.110532	4.704113	0.013489	1.3
879	-0.628606	282.110531	4.688594	0.008181	0.9
880	-0.611831	283.098577	4.673360	0.010983	1.7
881	-0.588083	282.676666	4.679853	0.008459	1.0
882	-0.642164	282.449346	4.683359	0.014331	0.8
883	-0.593704	282.005478	4.690219	0.017247	0.8
884	-0.624954	281.561611	4.697100	0.010679	1.2
885	-0.619244	282.561611	4.681627	0.012756	0.8
886	-0.608176	282.117743	4.688482	0.006198	0.9
887	-0.617045	283.113632	4.673129	0.014177	1.0
888	-0.571546	282.724492	4.679116	0.008703	1.1
889	-0.641709	282.280688	4.685963	0.011203	1.6
890	-0.612517	283.280622	4.670564	0.012441	0.8
891	-0.605503	282.836754	4.677387	0.012494	1.4
892	-0.635606	283.836754	4.662043	0.014065	0.8
893	-0.615458	283.392886	4.668841	0.015369	1.0
894	-0.568884	282.949153	4.675657	0.008416	0.8
895	-0.611011	282.505285	4.682495	0.007249	1.0
896	-0.592777	282.130253	4.688289	0.017646	0.9
897	-0.611900	281.696928	4.695000	0.015805	0.9
898	-0.654687	281.253060	4.701895	0.010857	1.0
899	-0.638324	282.253060	4.686390	0.010034	1.1
900	-0.629566	283.252937	4.670989	0.014904	1.0
901	-0.625827	282.809075	4.677813	0.013314	1.0
902	-0.595124	283.804616	4.662535	0.016304	0.9
903	-0.604374	283.360748	4.669334	0.017870	1.0
904	-0.633726	282.916880	4.676154	0.011419	0.9
905	-0.572117	282.473012	4.682993	0.012610	1.0
906	-0.627651	283.463500	4.667759	0.014823	0.9
907	-0.590373	284.463500	4.652478	0.011854	0.8
908	-0.585281	284.019632	4.659248	0.015052	1.0
909	-0.588044	283.577163	4.666017	0.013249	0.9
910	-0.629213	284.577163	4.650747	0.008546	1.0
911	-0.588589	284.133302	4.657512	0.010952	1.3
912	-0.600039	283.689434	4.664297	0.016938	0.9
913	-0.626516	283.263242	4.670831	0.011795	0.9
914	-0.646977	282.819375	4.677655	0.015990	1.0
915	-0.593865	283.819375	4.662309	0.011745	1.0
916	-0.603571	284.819375	4.647064	0.018437	1.0
917	-0.602712	285.819367	4.631918	0.018103	1.0
918	-0.596134	285.375499	4.638628	0.012670	1.7
919	-0.618060	286.375499	4.623537	0.011876	0.8
920	-0.655635	285.931631	4.630224	0.011621	1.1
921	-0.637690	286.931631	4.615187	0.009912	1.2
922	-0.622713	287.931631	4.600248	0.011474	0.8
923	-0.621221	288.931631	4.585405	0.011970	1.4
924	-0.589072	288.490075	4.591947	0.013382	0.8
925	-0.608736	289.490006	4.577159	0.011025	1.1
926	-0.645644	290.490006	4.562465	0.010152	1.1
927	-0.598506	291.490006	4.547864	0.014749	0.8
928	-0.597191	291.046149	4.554333	0.018382	0.9
929	-0.595403	292.046149	4.539785	0.014371	1.0
930	-0.607075	293.046149	4.525329	0.011255	0.8
931	-0.617113	292.605748	4.531684	0.011111	1.1
932	-0.615420	293.605746	4.517280	0.013775	0.9
933	-0.619169	294.605746	4.502967	0.016458	0.8
934	-0.623787	295.605746	4.488744	0.015715	1.3
935	-0.613751	295.161892	4.495046	0.015989	1.1
936	-0.605749	294.718024	4.501365	0.008983	0.8
937	-0.636521	295.718024	4.487153	0.011893	0.9
938	-0.599629	295.422379	4.491345	0.014540	0.9
939	-0.600746	296.422267	4.477197	0.015419	0.9
940	-0.601959	297.422267	4.463137	0.015701	1.0
941	-0.597312	296.978425	4.469366	0.011741	1.0
942	-0.612877	296.889487	4.470617	0.011432	1.1
943	-0.591936	297.889487	4.456598	0.011199	1.0
944	-0.574461	298.884424	4.442736	0.008798	1.0
945	-0.597231	298.440666	4.448908	0.007835	1.0
946	-0.628235	299.440552	4.435026	0.016661	1.3
947	-0.631624	300.440552	4.421228	0.020328	0.9
948	-0.588781	299.996686	4.427342	0.011159	1.3
949	-0.622739	299.552818	4.433473	0.010808	0.8
950	-0.616748	299.113997	4.439550	0.011152	1.7
951	-0.585633	298.670130	4.445714	0.016499	0.8
952	-0.636952	299.661637	4.431968	0.013075	1.2
953	-0.604801	299.217769	4.438111	0.014074	1.1
954	-0.622626	298.773901	4.444272	0.012803	0.8
955	-0.627248	298.330033	4.450449	0.014898	1.4
956	-0.647106	297.886165	4.456644	0.011566	0.8
957	-0.636391	298.763508	4.444416	0.012786	0.8
958	-0.635123	298.319640	4.450594	0.012014	1.9
959	-0.612425	297.879266	4.456740	0.009578	0.8
960	-0.574392	298.878714	4.442816	0.016329	0.9
961	-0.583902	298.435005	4.448987	0.009700	1.2
962	-0.607762	299.434743	4.435106	0.012880	0.9
963	-0.620993	298.990962	4.441257	0.016288	0.9
964	-0.599882	299.990962	4.427421	0.013156	1.0
965	-0.630745	299.547094	4.433552	0.015159	0.9
966	-0.640765	299.103226	4.439699	0.006028	0.8
967	-0.597098	298.860973	4.443062	0.011757	1.8
968	-0.633041	299.047709	4.440470	0.012534	0.9
969	-0.590093	300.047703	4.426638	0.008044	0.9
970	-0.615044	300.043033	4.426703	0.010803	1.1
971	-0.622097	300.085486	4.426118	0.015528	1.0
972	-0.594181	301.060306	4.412720	0.007952	0.8
973	-0.576315	302.003773	4.399831	0.012696	1.4
974	-0.616491	301.565985	4.405803	0.014266	0.8
975	-0.613186	302.565862	4.392188	0.019950	1.6
976	-0.632070	303.565836	4.378656	0.014808	1.0
977	-0.612366	304.565836	4.365207	0.006329	0.8
978	-0.636574	305.489372	4.352859	0.015502	1.4
979	-0.621478	305.051032	4.358711	0.016053	0.9
980	-0.639953	306.048364	4.345419	0.010412	0.8
981	-0.582347	306.739671	4.336253	0.014213	1.1
982	-0.606601	306.412353	4.340588	0.016768	0.9
983	-0.606309	306.021004	4.345782	0.011161	0.8
984	-0.603785	307.021004	4.332534	0.014923	1.0
985	-0.582779	307.620275	4.324633	0.014153	0.9
986	-0.621744	308.620275	4.311513	0.017671	1.0
987	-0.624376	308.176407	4.317327	0.014005	1.2
988	-0.586088	309.176407	4.304251	0.016045	0.9
989	-0.627104	310.155969	4.291519	0.009539	1.1
990	-0.612467	311.155967	4.278599	0.010753	1.1
991	-0.594060	311.123828	4.279013	0.008362	1.0
992	-0.636281	311.176448	4.278335	0.010803	1.2
993	-0.606857	310.732760	4.284057	0.008027	1.0
994	-0.614823	311.732760	4.271182	0.015618	0.9
995	-0.643877	312.732760	4.258384	0.010775	1.0
996	-0.611458	312.288892	4.264055	0.019553	0.8
997	-0.633048	313.288892	4.251299	0.010127	1.2
998	-0.626474	314.288892	4.238620	0.010698	1.5
999	-0.620922	315.288576	4.226020	0.014927	0.8
