1:ItNr	2:Metric	3:StepSize	4:||Gradient||	Time[ms]
0	-0.000000	627.201626	0.000000	479.6
1	-0.435495	623.504937	0.012373	1.7
2	0.000000	619.865785	0.000000	2.1
3	-0.014004	616.282728	0.001323	2.7
4	-1.159164	612.754375	0.011831	1.5
5	-0.856513	609.279381	0.014528	2.8
6	-0.207080	605.856447	0.004843	1.7
7	-0.000000	602.484317	0.000000	1.9
8	-0.616939	599.161779	0.013804	1.6
9	-0.001207	595.887656	0.000358	2.7
10	-0.972366	592.660813	0.012086	1.5
11	-0.706254	589.480151	0.008887	2.3
12	-0.546253	586.344606	0.010097	3.2
13	0.000000	583.253145	0.000000	1.1
14	-0.836036	580.204771	0.015527	3.0
15	-0.700974	577.198517	0.019004	1.9
16	-0.000000	574.233444	0.000000	1.7
17	-0.863178	571.308645	0.045131	2.1
18	-0.028849	568.423237	0.002706	2.5
19	-0.001169	565.576365	0.000182	1.9
20	-0.878137	562.767201	0.027112	1.9
21	-1.104162	559.994938	0.005691	1.9
22	-0.805504	557.258797	0.009932	1.9
23	-0.974675	554.558018	0.012972	2.7
24	-0.701841	551.891865	0.014287	2.3
25	-0.735684	549.259621	0.008607	1.9
26	-0.022430	546.660592	0.001606	2.7
27	-0.000899	544.094102	0.000138	1.7
28	-0.955997	541.559494	0.024143	2.0
29	-0.273127	539.056129	0.009779	2.6
30	-0.168566	536.583387	0.005860	3.1
31	-1.324583	534.140663	0.033324	1.6
32	-0.975687	531.727370	0.043974	3.0
33	-0.705251	529.342935	0.016721	1.9
34	-0.428889	526.986802	0.010452	1.9
35	-0.510603	524.658430	0.028670	2.0
36	-0.635228	522.357290	0.026832	2.7
37	-0.000000	520.082868	0.000000	1.4
38	-0.627651	517.834665	0.007248	2.4
39	-0.584615	515.612193	0.009596	1.5
40	-0.900035	513.414976	0.045146	2.7
41	-0.841129	511.242551	0.065393	2.7
42	-0.073284	509.094468	0.002830	2.8
43	-0.925583	506.970285	0.010629	3.1
44	-0.056554	504.869574	0.003857	1.7
45	-0.703683	502.791916	0.038279	1.9
46	-0.380478	500.736903	0.004715	3.4
47	-0.490012	498.704137	0.003348	3.2
48	-0.000000	496.693228	0.000000	1.5
49	-0.856255	494.703798	0.009174	2.6
50	-0.671677	492.735476	0.034603	2.8
51	-1.081060	490.787900	0.020877	3.0
52	-0.324967	488.860718	0.002240	3.4
53	-0.382874	486.953585	0.019135	3.4
54	-0.599408	485.066164	0.036731	1.8
55	-0.529306	483.198126	0.029152	2.6
56	-0.388892	481.349149	0.006577	2.9
57	-0.837598	479.518920	0.011763	2.1
58	-0.000066	477.707132	0.000000	1.6
59	-1.083128	475.913485	0.027509	2.1
60	-0.000000	474.137684	0.000000	2.7
61	-0.575642	472.379445	0.015512	2.4
62	-0.720098	470.638485	0.026223	3.0
63	-0.602798	468.914531	0.023146	1.7
64	0.000000	467.207315	0.000000	2.5
65	-0.451060	465.516573	0.003096	2.4
66	-0.680075	463.842050	0.040649	1.5
67	-0.000000	462.183494	0.000000	2.0
68	-1.085055	460.540658	0.018246	1.5
69	-0.435656	458.913303	0.025629	2.4
70	-0.769755	457.301192	0.012329	2.0
71	-0.000000	455.704096	0.000000	3.1
72	0.000000	454.121787	0.000000	1.8
73	-0.890124	452.554045	0.025619	2.1
74	0.000000	451.000653	0.000000	1.5
75	-0.331170	449.461399	0.006540	2.7
76	0.000000	447.936075	0.000000	1.2
77	-0.251181	446.424477	0.001014	2.8
78	-0.716669	444.926406	0.013190	1.5
79	-0.221792	443.441666	0.005095	3.5
80	-0.528481	441.970065	0.038759	2.3
81	-0.000000	440.511415	0.000000	1.3
82	-0.611495	439.065533	0.009923	1.7
83	-0.222393	437.632238	0.002462	2.0
84	-0.334890	436.211351	0.009437	2.5
85	-0.381907	434.802701	0.021825	2.5
86	-0.655930	433.406117	0.036905	3.0
87	0.000000	432.021430	0.000000	1.8
88	-0.603495	430.648479	0.037321	1.8
89	-0.880643	429.287101	0.036533	2.1
90	-0.707120	427.937140	0.010214	2.9
91	-1.029016	426.598440	0.043335	1.5
92	-0.747976	425.270849	0.010464	2.4
93	-1.003491	423.954220	0.011461	1.7
94	-0.523150	422.648404	0.007884	2.8
95	-0.570479	421.353259	0.015417	2.1
96	-0.076834	420.068643	0.000336	1.5
97	0.000000	418.794419	0.000000	2.0
98	-1.105212	417.530451	0.053042	1.5
99	-0.787673	416.276604	0.005502	2.4
100	-0.522754	415.032748	0.008371	1.6
101	-0.997519	413.798754	0.020092	1.8
102	-0.787457	412.574495	0.012832	2.8
103	-0.990960	411.359849	0.021867	2.3
104	-0.204390	410.154691	0.018017	3.0
105	-0.846980	408.958904	0.019925	2.0
106	-0.253176	407.772368	0.013897	2.3
107	-0.630330	406.594968	0.021853	2.1
108	0.000000	405.426590	0.000000	1.2
109	-0.000000	404.267122	0.000000	2.0
110	-0.325472	403.116456	0.005877	2.0
111	-0.782356	401.974481	0.015254	3.2
112	-0.586863	400.841093	0.016869	1.7
113	-0.530970	399.716187	0.010655	2.1
114	-0.201258	398.599660	0.008341	2.0
115	0.000000	397.491411	0.000000	1.5
116	-0.653744	396.391342	0.050296	2.2
117	-1.055030	395.299353	0.027127	2.5
118	-0.431199	394.215350	0.015803	2.2
119	-0.000000	393.139238	0.000000	1.2
120	-0.418528	392.070924	0.023357	2.7
121	-0.000000	391.010316	0.000000	2.0
122	-0.932584	389.957325	0.020949	2.0
123	-0.578560	388.911862	0.018504	2.5
124	-0.422350	387.873839	0.013170	3.0
125	-0.706007	386.843173	0.019852	1.4
126	-0.655863	385.819777	0.020340	3.3
127	-0.918559	384.803569	0.051191	1.6
128	-0.011709	383.794468	0.002326	2.7
129	-0.879406	382.792393	0.019185	1.8
130	0.000000	381.797264	0.000000	1.9
131	-0.832146	380.809005	0.025100	1.7
132	-0.752834	379.827537	0.011910	2.0
133	-0.122546	378.852786	0.004186	2.9
134	-0.250544	377.884678	0.014086	1.7
135	-0.031033	376.923138	0.004489	2.0
136	-0.355804	375.968095	0.010870	1.9
137	-0.647790	375.019479	0.027476	1.5
138	-0.000000	374.077218	0.000000	1.8
139	-0.000000	373.141244	0.000000	2.6
140	-0.205300	372.211489	0.009622	2.4
141	-1.152778	371.287887	0.023473	1.3
142	-0.109440	370.370370	0.001014	3.1
143	-0.552998	369.458876	0.018818	1.6
144	-0.059313	368.553338	0.002213	2.4
145	-0.524808	367.653696	0.004837	1.4
146	-0.680732	366.759885	0.010906	2.8
147	-0.514358	365.871846	0.010204	3.1
148	-0.707179	364.989518	0.032373	1.6
149	-0.786236	364.112841	0.017987	2.4
150	-0.013351	363.241757	0.000445	2.3
151	-0.687076	362.376208	0.019579	1.8
152	-0.721213	361.516137	0.025632	2.7
153	-0.045776	360.661488	0.001003	2.3
154	-0.582201	359.812206	0.008558	1.7
155	-0.697827	358.968236	0.020523	2.5
156	-0.197689	358.129524	0.001919	3.3
157	-0.087714	357.296018	0.002073	2.0
158	-0.118604	356.467665	0.001294	2.0
159	-0.963868	355.644414	0.041390	1.8
160	-0.002105	354.826213	0.000189	1.7
161	0.000000	354.013012	0.000000	1.1
162	-1.069690	353.204763	0.032897	2.5
163	-0.929007	352.401415	0.030733	3.0
164	-0.141113	351.602922	0.001325	2.3
165	-0.667314	350.809235	0.015309	1.9
166	-0.010247	350.020308	0.001062	2.1
167	-1.052873	349.236095	0.036056	2.2
168	-0.000000	348.456550	0.000000	3.1
169	-0.727007	347.681627	0.023698	1.9
170	-0.886463	346.911283	0.040841	2.1
171	-0.323844	346.145474	0.004168	1.5
172	-0.727563	345.384157	0.025055	2.9
173	-0.956223	344.627288	0.022730	1.6
174	-0.718731	343.874826	0.023779	1.8
175	-0.872208	343.126729	0.048875	2.3
176	-0.538746	342.382957	0.002761	1.6
177	-0.506951	341.643469	0.003138	2.1
178	-0.031463	340.908224	0.002903	2.6
179	-0.194598	340.177184	0.001503	2.0
180	-1.042070	339.450309	0.069684	1.7
181	-0.508961	338.727561	0.008426	1.7
182	-1.019388	338.008902	0.012556	1.6
183	-1.043725	337.294295	0.045109	2.0
184	-0.912889	336.583703	0.019706	2.2
185	-0.038111	335.877089	0.000872	3.3
186	-0.317063	335.174416	0.017280	2.2
187	-0.352634	334.475651	0.008835	2.2
188	-0.847604	333.780756	0.035549	2.0
189	0.000000	333.089698	0.000000	2.0
190	-0.614791	332.402443	0.035048	2.0
191	0.000000	331.718955	0.000000	1.4
192	-0.171286	331.039203	0.001533	2.9
193	-0.462016	330.363153	0.009511	2.6
194	-0.763661	329.690771	0.047791	2.6
195	-0.000079	329.022027	0.000028	1.7
196	-0.217696	328.356888	0.004290	2.1
197	-0.656151	327.695322	0.025923	2.4
198	-0.405972	327.037299	0.018676	1.7
199	-0.023403	326.382787	0.000798	2.2
200	-0.031579	325.731758	0.002082	1.6
201	-0.000000	325.084179	0.000000	2.2
202	-0.690034	324.440023	0.030057	1.6
203	-0.047153	323.799258	0.001310	2.0
204	-0.388445	323.161858	0.004027	2.4
205	-0.000016	322.527792	0.000008	1.7
206	-0.800671	321.897034	0.038550	1.6
207	-0.553992	321.269554	0.013974	2.2
208	-1.007763	320.645325	0.044857	2.0
209	-0.935898	320.024320	0.024943	2.5
210	-0.779624	319.406512	0.030137	2.4
211	-1.033753	318.791875	0.014474	2.1
212	0.000000	318.180381	0.000000	1.5
213	-0.040254	317.572005	0.003736	2.3
214	-0.000000	316.966721	0.000000	1.6
215	-0.175154	316.364504	0.003216	2.4
216	-0.000146	315.765329	0.000071	1.5
217	-0.003259	315.169170	0.000307	2.5
218	-0.896370	314.576003	0.042796	1.7
219	-0.619467	313.985804	0.014504	1.9
220	-0.273716	313.398548	0.006619	2.8
221	-1.051799	312.814213	0.040571	1.4
222	-0.068975	312.232773	0.006976	2.6
223	0.000000	311.654207	0.000000	2.8
224	-0.624011	311.078491	0.016831	1.5
225	-0.000000	310.505602	0.000000	2.4
226	-1.074700	309.935518	0.044083	1.8
227	-0.344046	309.368217	0.012137	2.4
228	-0.068190	308.803676	0.003044	2.9
229	-0.000000	308.241874	0.000000	2.5
230	-0.056132	307.682789	0.002003	1.6
231	-0.459942	307.126400	0.031529	2.9
232	-0.242399	306.572687	0.006344	1.9
233	-0.882394	306.021627	0.008450	1.9
234	-1.021011	305.473201	0.070828	2.4
235	-0.157845	304.927388	0.001924	2.0
236	-0.562556	304.384168	0.003334	2.1
237	-0.282147	303.843521	0.001473	1.6
238	-0.004043	303.305427	0.000298	1.7
239	-0.708341	302.769867	0.010851	1.7
240	-0.693539	302.236821	0.015347	2.2
241	-0.436347	301.706270	0.003666	1.6
242	-0.268729	301.178196	0.003534	2.2
243	-0.589634	300.652580	0.030765	2.4
244	-0.798187	300.129402	0.010367	1.4
245	-0.944240	299.608645	0.030749	2.3
246	-0.000141	299.090291	0.000125	1.5
247	-0.000000	298.574321	0.000000	1.7
248	-0.041130	298.060718	0.001682	1.6
249	-0.740246	297.549465	0.026089	2.2
250	-0.200913	297.040543	0.002455	2.7
251	-0.598818	296.533936	0.004250	2.2
252	0.000000	296.029626	0.000000	1.8
253	-0.456714	295.527597	0.008261	2.4
254	-0.659823	295.027832	0.008786	1.7
255	-0.522113	294.530315	0.005458	3.0
256	-1.027786	294.035028	0.031909	2.6
257	-0.987255	293.541956	0.025261	2.8
258	-0.000000	293.051083	0.000000	3.2
259	-0.813805	292.562393	0.043883	2.3
260	-0.668601	292.075870	0.007294	3.0
261	-0.054931	291.591498	0.003280	1.7
262	-0.011223	291.109263	0.000967	1.7
263	-0.780327	290.629149	0.007154	2.7
264	-0.879807	290.151140	0.028729	1.3
265	-0.468502	289.675222	0.023619	3.6
266	-0.060481	289.201380	0.002429	2.4
267	-1.026874	288.729600	0.010822	1.5
268	-0.686718	288.259866	0.010158	2.2
269	-0.735430	287.792165	0.012763	2.3
270	-0.317957	287.326481	0.002224	2.2
271	-0.586203	286.862802	0.026344	3.0
272	-0.729674	286.401113	0.008459	2.0
273	-0.002060	285.941400	0.000104	1.7
274	-0.994751	285.483649	0.049793	2.1
275	-0.617235	285.027847	0.019928	2.5
276	-0.464258	284.573981	0.017225	2.1
277	-0.000000	284.122037	0.000000	1.3
278	-0.991025	283.672002	0.026670	2.4
279	0.000000	283.223863	0.000000	1.5
280	-0.194683	282.777607	0.002219	2.9
281	-0.000000	282.333221	0.000000	1.5
282	-0.455687	281.890692	0.016115	2.2
283	-0.264100	281.450008	0.015795	1.8
284	-0.605762	281.011157	0.031920	2.5
285	-0.404135	280.574125	0.023401	2.9
286	-0.973953	280.138901	0.048455	1.7
287	-0.718562	279.705473	0.038918	3.1
288	-0.142011	279.273829	0.005100	2.8
289	-0.000000	278.843956	0.000000	2.3
290	-0.783946	278.415844	0.020096	2.4
291	-0.999967	277.989479	0.036225	1.8
292	-0.710987	277.564851	0.035059	1.8
293	-1.090748	277.141949	0.031451	2.2
294	0.000000	276.720761	0.000000	2.3
295	-0.625965	276.301275	0.038110	2.0
296	-0.579435	275.883480	0.006125	2.9
297	-0.806109	275.467366	0.030560	1.8
298	-0.135298	275.052922	0.001557	2.9
299	-0.939440	274.640136	0.021762	2.8
300	-0.583888	274.228998	0.026964	3.1
301	-0.000000	273.819497	0.000000	2.9
302	-0.221754	273.411623	0.007864	2.2
303	0.000000	273.005365	0.000000	2.3
304	0.000000	272.600712	0.000000	1.8
305	-0.000001	272.197655	0.000001	1.5
306	-0.000024	271.796184	0.000012	2.8
307	-0.000000	271.396287	0.000000	2.1
308	0.000000	270.997956	0.000000	1.7
309	-0.501990	270.601180	0.012950	1.8
310	-0.569197	270.205949	0.004661	2.3
311	-0.711993	269.812254	0.055033	1.4
312	-0.000000	269.420085	0.000000	2.9
313	-0.610825	269.029432	0.027160	3.0
314	-0.202467	268.640287	0.010197	1.5
315	-0.085524	268.252638	0.004000	1.7
316	-1.009886	267.866478	0.020614	1.9
317	-0.859082	267.481796	0.018539	1.6
318	-0.315236	267.098584	0.007213	1.4
319	0.000000	266.716833	0.000000	1.2
320	-1.053792	266.336533	0.028218	1.7
321	-0.202539	265.957676	0.005264	1.8
322	-0.656089	265.580253	0.024129	2.2
323	-0.673169	265.204254	0.006249	2.7
324	-0.908931	264.829672	0.036879	2.5
325	-0.449411	264.456497	0.017128	1.8
326	-0.000000	264.084721	0.000000	1.6
327	-0.000020	263.714335	0.000010	2.6
328	-1.221714	263.345332	0.020454	1.5
329	-0.337335	262.977702	0.014461	2.4
330	-0.562038	262.611438	0.030880	1.6
331	-0.466217	262.246531	0.021716	2.3
332	-0.721766	261.882973	0.014960	2.0
333	-0.147259	261.520756	0.003928	1.5
334	-1.247208	261.159871	0.029563	2.0
335	-0.556399	260.800312	0.013514	3.3
336	-0.352287	260.442070	0.008755	2.0
337	-0.072427	260.085137	0.000452	1.8
338	-0.000000	259.729505	0.000000	1.8
339	-0.000000	259.375167	0.000000	1.2
340	-1.092812	259.022116	0.060883	2.4
341	-0.820892	258.670343	0.024229	1.8
342	-0.913355	258.319841	0.017803	3.1
343	-1.008455	257.970602	0.022492	2.1
344	-0.882098	257.622620	0.023119	1.8
345	-1.126505	257.275887	0.022874	2.4
346	-0.000000	256.930396	0.000000	1.4
347	-0.650872	256.586139	0.017774	3.0
348	-0.020530	256.243109	0.001645	2.5
349	-1.057228	255.901300	0.080385	1.8
350	-0.789514	255.560703	0.031746	1.7
351	-0.694917	255.221313	0.035814	1.9
352	-0.000709	254.883122	0.000157	2.8
353	-0.443276	254.546124	0.022974	2.9
354	-0.666725	254.210311	0.009178	2.6
355	-0.867110	253.875677	0.060058	1.5
356	-0.000000	253.542215	0.000000	3.0
357	-0.149025	253.209918	0.003387	2.3
358	-0.000190	252.878781	0.000026	1.7
359	-0.028291	252.548795	0.002182	1.9
360	-0.535030	252.219956	0.031360	1.7
361	-0.878110	251.892255	0.017436	2.0
362	-0.821800	251.565688	0.027909	1.8
363	-1.000475	251.240247	0.040159	1.5
364	-0.024645	250.915926	0.000390	2.2
365	-0.654341	250.592720	0.023602	1.9
366	-0.005470	250.270621	0.000563	1.5
367	-0.053040	249.949624	0.007516	2.5
368	-0.830483	249.629723	0.075056	2.8
369	-0.967417	249.310911	0.056845	1.4
370	0.000000	248.993182	0.000000	2.2
371	-0.657706	248.676531	0.017073	3.2
372	-0.000034	248.360952	0.000014	2.4
373	-0.001495	248.046438	0.000037	1.9
374	-0.910282	247.732984	0.031201	3.2
375	-0.743482	247.420584	0.017307	1.5
376	-0.000000	247.109233	0.000000	3.8
377	-0.003788	246.798924	0.000700	2.7
378	-0.000000	246.489652	0.000000	2.6
379	-1.087867	246.181412	0.018234	2.3
380	-0.698736	245.874197	0.017414	1.8
381	-0.001321	245.568002	0.000447	2.8
382	-0.929457	245.262822	0.016154	3.2
383	-0.000000	244.958652	0.000000	2.8
384	-0.762645	244.655485	0.008934	2.8
385	-0.231224	244.353317	0.003607	2.8
386	-0.175287	244.052142	0.004907	2.7
387	-0.130047	243.751955	0.001158	2.3
388	-0.659225	243.452750	0.015331	1.7
389	-0.939404	243.154523	0.043202	2.6
390	-0.210204	242.857268	0.001605	2.0
391	-0.162078	242.560980	0.004371	1.5
392	-0.016658	242.265654	0.001747	1.9
393	-0.589242	241.971285	0.027331	2.3
394	-1.079563	241.677868	0.022740	1.5
395	-0.177928	241.385397	0.005469	2.1
396	-0.353974	241.093869	0.004410	1.4
397	-0.710539	240.803278	0.008721	2.5
398	-0.788145	240.513619	0.009011	1.8
399	-0.784463	240.224887	0.011497	3.1
400	-0.795320	239.937077	0.020885	3.2
401	-0.005528	239.650186	0.001320	1.5
402	-1.026837	239.364207	0.023574	3.3
403	-1.026525	239.079136	0.065182	2.3
404	-0.058412	238.794969	0.002893	1.7
405	-0.006992	238.511701	0.000592	3.0
406	-0.000000	238.229327	0.000000	1.7
407	-0.286096	237.947843	0.012883	2.1
408	-0.672988	237.667244	0.010829	2.3
409	-0.692196	237.387526	0.026274	1.7
410	-0.351766	237.108684	0.004833	2.3
411	-1.071247	236.830714	0.032322	1.9
412	-0.655326	236.553610	0.028778	3.0
413	-0.535908	236.277370	0.021657	2.1
414	-0.827879	236.001989	0.034593	1.4
415	-0.711643	235.727461	0.009471	2.9
416	-0.026937	235.453784	0.000723	1.4
417	-0.765038	235.180952	0.006753	3.7
418	-0.588161	234.908962	0.013762	2.3
419	-0.838033	234.637809	0.045774	1.6
420	-0.323906	234.367488	0.004958	2.2
421	0.000000	234.097997	0.000000	1.6
422	-0.755439	233.829331	0.009590	1.5
423	-0.836470	233.561485	0.074151	2.6
424	-0.010098	233.294456	0.000359	1.5
425	-0.839531	233.028239	0.033896	2.7
426	-0.406106	232.762831	0.019343	2.5
427	-0.761828	232.498228	0.012490	1.6
428	-0.662089	232.234425	0.036998	2.6
429	-0.105194	231.971419	0.002024	1.5
430	-0.803490	231.709205	0.026188	2.8
431	-0.212097	231.447781	0.006208	2.3
432	-0.965832	231.187141	0.046753	2.8
433	-0.638976	230.927283	0.010339	2.4
434	-0.630914	230.668202	0.015766	1.6
435	-0.011887	230.409895	0.000598	2.6
436	-1.218569	230.152358	0.049097	1.5
437	-0.421255	229.895587	0.015686	2.8
438	-0.030237	229.639578	0.001009	2.4
439	-0.004416	229.384329	0.000091	1.6
440	-0.014187	229.129834	0.000128	2.0
441	-0.261209	228.876091	0.004433	1.5
442	-0.632718	228.623096	0.046215	2.7
443	-0.769414	228.370846	0.014278	3.0
444	-0.962706	228.119336	0.050656	1.4
445	-0.000000	227.868563	0.000000	2.9
446	-0.145333	227.618525	0.003109	2.1
447	-0.000139	227.369216	0.000019	1.6
448	-0.002491	227.120635	0.000243	2.6
449	-0.950592	226.872777	0.068114	2.8
450	-0.410160	226.625638	0.003491	1.7
451	0.000000	226.379217	0.000000	2.6
452	-0.205810	226.133509	0.005952	1.7
453	-0.780689	225.888510	0.019805	3.2
454	0.000000	225.644218	0.000000	1.9
455	-0.737680	225.400630	0.048035	2.4
456	-0.843504	225.157741	0.008143	1.6
457	0.000000	224.915549	0.000000	2.8
458	-0.107705	224.674051	0.006150	2.3
459	-0.862814	224.433242	0.029724	1.5
460	-0.734222	224.193121	0.032170	2.2
461	-0.314639	223.953684	0.006474	2.5
462	-0.000010	223.714927	0.000005	1.7
463	-1.094698	223.476848	0.042022	1.8
464	-0.000000	223.239444	0.000000	1.8
465	-0.022322	223.002710	0.001581	2.1
466	-0.735399	222.766645	0.025472	2.6
467	-1.056906	222.531245	0.033617	2.3
468	-0.365011	222.296508	0.011622	1.7
469	-0.520492	222.062429	0.021612	2.5
470	-0.744831	221.829007	0.022658	1.7
471	-0.726649	221.596238	0.053158	2.8
472	-0.772155	221.364119	0.024323	1.6
473	-1.058078	221.132647	0.033226	2.3
474	-0.966555	220.901820	0.039869	1.9
475	-0.000000	220.671634	0.000000	2.4
476	-0.087921	220.442086	0.001425	1.7
477	-0.036976	220.213174	0.002705	2.0
478	-0.712882	219.984895	0.036258	2.6
479	-0.000005	219.757246	0.000001	2.0
480	-0.000000	219.530224	0.000000	1.3
481	-0.000000	219.303826	0.000000	1.5
482	-0.409433	219.078050	0.014586	2.4
483	-0.904292	218.852893	0.026067	1.6
484	-0.000001	218.628352	0.000000	2.0
485	-1.058072	218.404424	0.043014	2.3
486	-0.857896	218.181106	0.040162	1.7
487	-0.000000	217.958397	0.000000	1.7
488	-0.000000	217.736292	0.000000	1.8
489	-0.329170	217.514790	0.005631	2.6
490	-0.059542	217.293888	0.001417	1.5
491	-0.779536	217.073584	0.024396	2.3
492	0.000000	216.853873	0.000000	1.3
493	-1.167256	216.634755	0.018617	2.5
494	-0.576266	216.416227	0.029465	1.5
495	-0.682822	216.198285	0.011368	2.8
496	-0.229536	215.980927	0.011936	2.1
497	-0.928654	215.764151	0.013518	3.4
498	-0.205489	215.547955	0.004240	1.5
499	-0.146712	215.332335	0.007120	2.6
500	-0.000000	215.117289	0.000000	1.3
501	-0.701589	214.902815	0.008440	3.0
502	-0.368434	214.688911	0.013585	2.9
503	-0.864506	214.475573	0.063730	1.6
504	-0.290548	214.262800	0.007117	2.8
505	-0.695936	214.050588	0.013698	1.7
506	-0.006638	213.838936	0.001364	1.4
507	-0.575913	213.627842	0.016749	2.2
508	-0.859776	213.417302	0.023539	2.1
509	-0.000000	213.207314	0.000000	1.7
510	-0.515416	212.997877	0.008157	2.2
511	-1.075005	212.788987	0.031033	2.7
512	-0.000000	212.580642	0.000000	3.2
513	-0.665614	212.372841	0.011444	2.7
514	-0.365685	212.165581	0.013140	2.0
515	-0.894703	211.958859	0.015456	2.7
516	-0.686712	211.752673	0.024775	1.6
517	-0.603411	211.547021	0.021872	2.0
518	-0.129845	211.341902	0.001722	2.4
519	-0.026420	211.137311	0.000234	2.0
520	-0.913434	210.933248	0.021711	1.5
521	-0.575631	210.729710	0.004504	2.5
522	-1.161621	210.526695	0.041968	2.7
523	-0.006620	210.324200	0.000646	2.6
524	-0.000000	210.122224	0.000000	1.9
525	-0.831636	209.920765	0.024051	1.5
526	-0.858903	209.719820	0.025934	2.5
527	-0.279392	209.519387	0.000696	1.5
528	-0.846872	209.319463	0.022949	2.7
529	-0.003071	209.120048	0.000287	2.1
530	-0.109087	208.921139	0.005162	2.1
531	-0.572198	208.722733	0.007310	2.9
532	-0.429152	208.524829	0.003300	1.9
533	-0.141450	208.327425	0.003027	2.0
534	-0.765367	208.130518	0.005318	1.3
535	-0.000000	207.934107	0.000000	3.0
536	-0.602219	207.738189	0.016784	1.7
537	-1.135183	207.542762	0.014948	3.1
538	-0.111792	207.347825	0.004871	1.5
539	-0.526756	207.153376	0.005949	3.1
540	-0.000000	206.959412	0.000000	1.5
541	-0.148845	206.765932	0.003597	2.5
542	0.000000	206.572933	0.000000	1.1
543	-0.112567	206.380414	0.007876	3.2
544	-0.841190	206.188373	0.028527	2.9
545	-0.915252	205.996807	0.009467	2.0
546	-0.898036	205.805716	0.009932	1.7
547	-0.155075	205.615096	0.005075	2.2
548	-0.595830	205.424946	0.045753	1.4
549	-0.657446	205.235265	0.010570	3.4
550	-0.783757	205.046050	0.011441	2.4
551	-0.817386	204.857299	0.016293	2.1
552	-0.567156	204.669011	0.007712	1.5
553	-0.489481	204.481184	0.009423	2.3
554	-0.598056	204.293816	0.022076	1.5
555	-0.805285	204.106905	0.030487	2.0
556	-0.992327	203.920449	0.029263	1.9
557	-0.782255	203.734447	0.023136	2.7
558	-0.105401	203.548896	0.005064	1.5
559	-0.914032	203.363795	0.021714	2.3
560	-0.179471	203.179143	0.003639	2.0
561	-0.874483	202.994937	0.018100	1.6
562	-0.000000	202.811176	0.000000	1.9
563	-0.996744	202.627857	0.056353	2.7
564	-0.572471	202.444980	0.031082	1.7
565	-0.926536	202.262543	0.033752	1.8
566	-0.000768	202.080543	0.000074	2.4
567	-0.074521	201.898979	0.007250	1.4
568	-0.442785	201.717849	0.012583	3.0
569	-0.020416	201.537153	0.000336	2.4
570	-0.939085	201.356887	0.011189	1.8
571	0.000000	201.177050	0.000000	1.2
572	-1.105711	200.997642	0.030175	2.8
573	-0.680731	200.818659	0.027884	1.4
574	-0.754560	200.640100	0.012326	2.8
575	-1.147138	200.461965	0.042602	2.4
576	-0.000000	200.284250	0.000000	1.7
577	-0.549181	200.106955	0.004938	2.7
578	-0.000000	199.930078	0.000000	1.4
579	-0.000000	199.753617	0.000000	2.6
580	-0.784671	199.577571	0.015374	2.0
581	-0.698183	199.401938	0.024284	1.7
582	-0.806501	199.226717	0.012440	2.7
583	-0.836070	199.051905	0.019103	1.7
584	-0.000106	198.877502	0.000015	1.7
585	-0.570502	198.703506	0.006808	1.7
586	-0.378183	198.529916	0.014564	2.0
587	-0.910793	198.356729	0.013071	2.0
588	0.000000	198.183944	0.000000	2.2
589	-0.348662	198.011560	0.006663	1.6
590	-0.000045	197.839576	0.000022	1.8
591	-0.958364	197.667989	0.040673	1.6
592	0.000000	197.496798	0.000000	2.0
593	-0.006525	197.326002	0.000645	1.7
594	-0.415844	197.155600	0.004256	2.8
595	-0.542974	196.985589	0.005773	2.5
596	-0.000547	196.815969	0.000093	1.8
597	-0.882752	196.646738	0.017183	1.9
598	-0.988674	196.477894	0.028321	2.0
599	-0.201414	196.309436	0.007206	2.3
600	-0.415355	196.141363	0.002829	1.5
601	-0.846280	195.973673	0.016811	2.1
602	-0.676279	195.806365	0.025276	2.9
603	-0.562291	195.639437	0.016123	2.8
604	-0.684891	195.472888	0.034673	1.4
605	-0.789474	195.306717	0.019508	3.1
606	0.000000	195.140922	0.000000	1.2
607	-0.860651	194.975501	0.024712	2.2
608	-0.515286	194.810454	0.007422	1.6
609	-0.000034	194.645779	0.000011	2.9
610	-0.765811	194.481475	0.010560	2.8
611	-0.809743	194.317540	0.003518	1.4
612	-0.910376	194.153973	0.073879	2.2
613	-0.003127	193.990773	0.000613	1.6
614	-0.413485	193.827938	0.033829	2.0
615	-0.000000	193.665467	0.000000	1.7
616	-0.936088	193.503358	0.012633	3.0
617	-0.483088	193.341611	0.004784	2.9
618	-0.811919	193.180224	0.043780	1.6
619	-0.952388	193.019196	0.036298	3.0
620	-0.823900	192.858525	0.060796	2.6
621	-1.127073	192.698210	0.005277	3.1
622	-0.523838	192.538251	0.006711	1.5
623	-0.767618	192.378644	0.018777	2.4
624	-0.000000	192.219391	0.000000	2.5
625	-0.498043	192.060488	0.025076	1.7
626	-0.000000	191.901935	0.000000	2.0
627	-0.185448	191.743730	0.005376	2.1
628	-0.000000	191.585873	0.000000	2.5
629	-0.852926	191.428362	0.038759	1.6
630	-0.989534	191.271196	0.063288	2.1
631	-0.937539	191.114374	0.021985	2.8
632	-0.443825	190.957893	0.016330	3.2
633	-0.874354	190.801755	0.040724	2.8
634	-1.189324	190.645956	0.039579	2.5
635	-0.000186	190.490495	0.000042	1.6
636	-0.169886	190.335373	0.003444	2.2
637	-0.868555	190.180587	0.019634	2.6
638	-0.797022	190.026136	0.013483	2.6
639	-0.068462	189.872019	0.002981	2.2
640	-0.768736	189.718235	0.010250	1.6
641	-0.832201	189.564782	0.024490	2.0
642	-0.644301	189.411661	0.014294	2.0
643	0.000000	189.258868	0.000000	2.3
644	-1.171588	189.106404	0.045491	1.7
645	-0.550705	188.954267	0.021534	1.9
646	-0.794523	188.802456	0.009682	2.1
647	-0.000000	188.650969	0.000000	2.6
648	-0.754706	188.499807	0.019048	2.7
649	-0.876741	188.348967	0.054939	2.8
650	-0.000000	188.198448	0.000000	1.6
651	-0.685734	188.048250	0.009471	1.7
652	-0.755368	187.898371	0.015411	2.8
653	-0.143574	187.748810	0.005578	2.3
654	-0.000007	187.599566	0.000004	2.1
655	-0.000186	187.450638	0.000062	1.8
656	-0.820116	187.302025	0.019828	2.4
657	-1.032145	187.153725	0.040177	1.5
658	-1.004851	187.005739	0.035844	2.0
659	-0.713473	186.858064	0.014119	1.6
660	-0.004422	186.710699	0.000319	2.2
661	0.000000	186.563645	0.000000	1.4
662	-0.699432	186.416898	0.022863	2.2
663	-0.825527	186.270459	0.040291	1.4
664	-0.440402	186.124326	0.007581	2.2
665	-0.952740	185.978499	0.038640	1.5
666	-0.883312	185.832976	0.011825	2.7
667	-0.987556	185.687756	0.011958	2.0
668	-0.805986	185.542838	0.012851	2.3
669	-1.063682	185.398222	0.030184	1.7
670	-0.000000	185.253906	0.000000	2.2
671	-0.518954	185.109889	0.010517	2.5
672	-0.221661	184.966170	0.002957	2.5
673	-0.000000	184.822748	0.000000	1.4
674	-0.024635	184.679623	0.000551	3.2
675	-0.742759	184.536792	0.050480	1.8
676	-0.639959	184.394256	0.007472	1.9
677	-0.761814	184.252013	0.009067	2.8
678	-0.958018	184.110062	0.020256	2.3
679	-0.178038	183.968403	0.007205	1.7
680	-0.434736	183.827034	0.007767	1.6
681	-0.878208	183.685954	0.018869	2.1
682	-0.910678	183.545163	0.017724	2.2
683	-1.033216	183.404658	0.061893	2.2
684	-0.003972	183.264441	0.000628	1.5
685	-0.840361	183.124509	0.032459	2.9
686	-0.878188	182.984861	0.030493	1.6
687	-0.664011	182.845497	0.030952	2.0
688	-0.761323	182.706416	0.011020	1.8
689	-0.827805	182.567616	0.032934	1.6
690	-0.000000	182.429098	0.000000	2.7
691	-0.079479	182.290859	0.004550	2.5
692	-0.000003	182.152899	0.000002	1.6
693	-0.000000	182.015217	0.000000	2.4
694	-0.676650	181.877813	0.006933	1.7
695	-0.000000	181.740684	0.000000	1.6
696	-0.457951	181.603832	0.022687	3.0
697	-0.000000	181.467253	0.000000	2.7
698	-0.322148	181.330948	0.007719	1.8
699	0.000000	181.194916	0.000000	1.2
700	-0.639546	181.059155	0.054575	3.1
701	-0.428010	180.923666	0.015193	1.4
702	-0.857461	180.788446	0.026883	3.4
703	-1.062302	180.653496	0.056040	1.6
704	-0.000000	180.518814	0.000000	2.3
705	0.000000	180.384399	0.000000	1.3
706	-0.695271	180.250251	0.034822	1.9
707	-0.022328	180.116369	0.001988	1.5
708	-0.120162	179.982752	0.002657	2.2
709	-0.802983	179.849398	0.009134	2.5
710	-0.261230	179.716308	0.002280	2.7
711	-0.000000	179.583480	0.000000	2.3
712	-0.947545	179.450913	0.019273	1.6
713	-0.900062	179.318607	0.038924	2.6
714	-0.000188	179.186561	0.000036	2.5
715	-0.035529	179.054774	0.001710	1.3
716	-0.959159	178.923245	0.015722	2.9
717	-0.674137	178.791973	0.039860	2.9
718	-0.759198	178.660958	0.046336	1.9
719	-0.866240	178.530199	0.026518	1.8
720	-0.062025	178.399694	0.002209	2.4
721	-0.589437	178.269444	0.030917	2.4
722	-0.695504	178.139447	0.015454	1.5
723	-0.410748	178.009702	0.009628	2.0
724	-0.665561	177.880209	0.007676	1.7
725	-0.962552	177.750967	0.050530	2.6
726	-0.554063	177.621975	0.011712	1.8
727	-1.051954	177.493232	0.020448	2.7
728	-0.010925	177.364738	0.000293	2.4
729	-0.612207	177.236492	0.013563	2.9
730	-0.000000	177.108492	0.000000	1.4
731	-0.618051	176.980739	0.032435	3.1
732	-1.007718	176.853231	0.033495	2.5
733	-0.989971	176.725968	0.046311	1.5
734	0.000000	176.598949	0.000000	3.4
735	-0.000000	176.472173	0.000000	1.7
736	0.000000	176.345639	0.000000	1.2
737	-1.113018	176.219348	0.012340	2.9
738	-0.194292	176.093296	0.008903	2.9
739	-1.064190	175.967486	0.057224	1.7
740	-1.160536	175.841914	0.027703	3.2
741	-1.098096	175.716581	0.014925	1.3
742	-0.000223	175.591486	0.000042	3.0
743	-0.000002	175.466629	0.000002	3.1
744	-0.855784	175.342008	0.012552	1.7
745	-0.962132	175.217622	0.039078	2.5
746	-0.521748	175.093472	0.005279	3.0
747	-1.137228	174.969556	0.022632	1.5
748	-0.809519	174.845873	0.027424	2.1
749	-0.332275	174.722423	0.014713	2.7
750	-0.807824	174.599206	0.004143	2.5
751	-0.522098	174.476220	0.003470	2.4
752	-0.382098	174.353464	0.012634	1.7
753	-0.000000	174.230939	0.000000	1.7
754	-0.631828	174.108643	0.019032	1.3
755	-0.000069	173.986576	0.000023	3.2
756	-0.123673	173.864737	0.000733	1.5
757	-0.000000	173.743124	0.000000	2.6
758	-0.929898	173.621739	0.050199	3.1
759	-0.888276	173.500579	0.020255	2.4
760	-0.378414	173.379645	0.018205	1.7
761	-0.924981	173.258935	0.005717	2.2
762	-0.000001	173.138449	0.000001	2.0
763	-0.003187	173.018186	0.000302	3.3
764	-0.884328	172.898146	0.011879	3.3
765	-0.158936	172.778327	0.004084	1.6
766	-0.709993	172.658730	0.029355	3.5
767	-0.523357	172.539353	0.028433	2.8
768	-0.740355	172.420196	0.045465	2.2
769	-0.890855	172.301258	0.008508	2.8
770	-0.802709	172.182539	0.048125	2.5
771	-0.574792	172.064037	0.020507	1.6
772	-0.773252	171.945753	0.021461	2.2
773	-0.983856	171.827686	0.034423	1.9
774	-0.936027	171.709834	0.035942	2.8
775	-0.589708	171.592198	0.005422	2.3
776	0.000000	171.474776	0.000000	1.2
777	-0.147395	171.357568	0.005718	2.2
778	-0.978048	171.240574	0.010891	1.4
779	-0.553726	171.123793	0.023311	2.9
780	-0.111779	171.007223	0.007105	2.2
781	-0.320742	170.890865	0.007327	1.4
782	-1.008385	170.774718	0.043332	3.2
783	-0.425727	170.658782	0.003811	2.6
784	-1.017529	170.543055	0.048737	1.6
785	-0.660555	170.427537	0.009613	2.1
786	-0.003620	170.312227	0.000420	2.2
787	-0.223363	170.197125	0.004435	1.8
788	-1.110160	170.082231	0.025367	2.5
789	0.000000	169.967543	0.000000	1.4
790	-0.029978	169.853061	0.007560	2.0
791	-1.100481	169.738784	0.057513	2.0
792	-0.370078	169.624713	0.018728	2.3
793	-0.987653	169.510845	0.029119	3.2
794	-0.043249	169.397181	0.001722	1.4
795	-0.251259	169.283720	0.004804	3.6
796	-0.544333	169.170462	0.007714	1.8
797	-0.741741	169.057405	0.018082	2.9
798	-1.105115	168.944549	0.024994	1.6
799	-0.434892	168.831895	0.008586	2.2
800	-0.499863	168.719440	0.013769	2.5
801	-0.000000	168.607185	0.000000	1.6
802	-0.670758	168.495129	0.006995	2.6
803	-0.050524	168.383271	0.003544	3.3
804	-0.767093	168.271611	0.020958	1.6
805	-0.021148	168.160148	0.000650	2.7
806	-0.782622	168.048882	0.026450	1.8
807	0.000000	167.937812	0.000000	1.5
808	-1.069622	167.826938	0.008619	2.5
809	-0.487986	167.716258	0.011050	2.8
810	-0.652890	167.605773	0.011639	1.5
811	-0.669196	167.495482	0.011328	3.0
812	-0.000000	167.385384	0.000000	2.1
813	-0.181587	167.275479	0.005379	1.7
814	-0.000000	167.165766	0.000000	1.7
815	-0.000121	167.056245	0.000052	2.1
816	-0.859097	166.946915	0.056023	1.4
817	-0.799349	166.837776	0.007681	2.3
818	-0.000000	166.728826	0.000000	1.4
819	-0.000000	166.620067	0.000000	2.4
820	-0.532756	166.511496	0.006550	2.3
821	-1.037468	166.403113	0.016019	1.8
822	-0.646868	166.294919	0.018677	3.2
823	-0.738691	166.186912	0.016718	2.5
824	-0.630580	166.079091	0.021280	2.2
825	-1.037959	165.971458	0.017480	1.2
826	-0.543344	165.864009	0.010380	3.5
827	-0.000234	165.756747	0.000091	3.2
828	-0.760543	165.649669	0.009755	1.6
829	-0.891921	165.542775	0.011667	2.5
830	-1.091308	165.436065	0.056733	2.3
831	-0.774080	165.329538	0.055692	1.6
832	-0.000000	165.223194	0.000000	1.9
833	-0.617124	165.117032	0.012337	2.6
834	-0.542717	165.011052	0.010036	1.5
835	-0.000217	164.905253	0.000110	2.2
836	-0.549306	164.799635	0.028421	2.6
837	-0.730500	164.694197	0.007303	1.6
838	-1.063804	164.588939	0.069450	2.7
839	-0.051908	164.483859	0.003033	2.7
840	-0.753731	164.378959	0.007189	1.5
841	-0.000000	164.274237	0.000000	2.9
842	-0.678476	164.169692	0.056073	2.8
843	-1.200550	164.065325	0.017981	2.1
844	-1.110458	163.961135	0.059629	1.6
845	-0.148194	163.857120	0.001895	1.8
846	-1.059172	163.753282	0.014972	2.0
847	-0.002802	163.649619	0.000736	2.4
848	-0.568507	163.546130	0.049456	2.3
849	-0.811330	163.442816	0.008380	2.5
850	-0.071092	163.339676	0.005355	1.6
851	-1.141757	163.236709	0.032077	2.1
852	-0.732262	163.133915	0.041637	3.3
853	-0.616449	163.031294	0.045562	1.8
854	-0.606698	162.928844	0.009470	2.0
855	-0.734436	162.826566	0.009628	2.2
856	-0.499915	162.724459	0.008323	2.1
857	-0.984985	162.622523	0.020611	1.5
858	-0.881111	162.520757	0.070393	2.6
859	-0.571466	162.419160	0.006815	2.6
860	-0.887201	162.317733	0.019997	3.1
861	-1.159264	162.216474	0.032713	1.7
862	-0.708277	162.115383	0.042355	2.0
863	-0.000000	162.014461	0.000000	1.7
864	-0.496877	161.913705	0.001791	2.4
865	-0.574593	161.813117	0.012758	1.7
866	-0.745757	161.712695	0.011848	1.9
867	-1.077226	161.612439	0.017490	2.4
868	-0.380942	161.512349	0.003022	1.7
869	-1.049274	161.412424	0.018834	2.2
870	-0.000000	161.312663	0.000000	2.0
871	-0.976228	161.213067	0.070067	1.6
872	0.000000	161.113635	0.000000	2.6
873	-0.000000	161.014366	0.000000	1.2
874	-1.136953	160.915260	0.040067	3.0
875	-0.752375	160.816316	0.041882	2.0
876	-0.251688	160.717535	0.002451	1.6
877	-0.723435	160.618915	0.034482	2.2
878	-0.912201	160.520456	0.012981	2.9
879	-0.875446	160.422158	0.019232	2.4
880	-0.937382	160.324021	0.019773	1.8
881	0.000000	160.226043	0.000000	1.8
882	-1.016578	160.128225	0.012835	1.6
883	-0.781794	160.030566	0.009705	2.8
884	-1.073492	159.933066	0.014060	2.7
885	-0.945796	159.835723	0.042710	3.7
886	-0.015844	159.738539	0.000977	1.8
887	-0.485112	159.641512	0.012637	2.3
888	-0.005284	159.544642	0.000758	1.5
889	-0.818574	159.447929	0.015295	2.2
890	-0.701226	159.351372	0.027381	2.4
891	-0.623550	159.254971	0.042534	2.3
892	-0.786519	159.158725	0.005776	1.8
893	-0.741425	159.062634	0.005335	2.1
894	0.000000	158.966697	0.000000	2.3
895	-0.946176	158.870915	0.015197	1.6
896	-0.718259	158.775286	0.015094	2.6
897	-0.000044	158.679811	0.000016	1.6
898	-0.680486	158.584489	0.009108	2.4
899	-0.253928	158.489319	0.002226	2.6
900	-0.336498	158.394302	0.004754	2.6
901	0.000000	158.299436	0.000000	1.3
902	-0.503749	158.204721	0.005953	2.3
903	-0.916768	158.110158	0.004767	2.1
904	-0.575037	158.015745	0.014227	2.7
905	-0.986025	157.921482	0.016583	1.5
906	-0.695977	157.827369	0.060085	2.5
907	-0.000000	157.733406	0.000000	2.5
908	-0.654072	157.639591	0.011917	3.1
909	-0.000000	157.545925	0.000000	1.1
910	-0.723852	157.452408	0.018631	2.1
911	-0.534679	157.359038	0.007844	1.4
912	-0.239351	157.265816	0.008656	2.4
913	-0.390313	157.172741	0.013260	1.8
914	-0.141691	157.079813	0.003370	1.8
915	-1.244112	156.987031	0.070953	2.3
916	-1.216734	156.894395	0.028404	1.5
917	-0.100367	156.801904	0.005367	3.1
918	-0.495884	156.709559	0.007449	1.4
919	-0.328143	156.617359	0.013754	2.4
920	-0.764757	156.525304	0.011473	1.8
921	-1.119590	156.433392	0.010170	2.7
922	0.000000	156.341624	0.000000	1.5
923	-1.098860	156.250000	0.041150	1.8
924	-0.019429	156.158519	0.000331	3.1
925	-0.998902	156.067180	0.024645	1.5
926	-0.549591	155.975984	0.011114	2.7
927	-0.653027	155.884930	0.010511	2.5
928	-0.437030	155.794017	0.011980	2.8
929	-0.679020	155.703246	0.014993	1.6
930	-0.400402	155.612615	0.003303	1.8
931	-1.219549	155.522125	0.007487	2.6
932	-1.052614	155.431775	0.059183	1.4
933	-0.961920	155.341565	0.014527	3.2
934	-0.534789	155.251495	0.012398	2.8
935	-0.810637	155.161563	0.006592	1.6
936	-0.332446	155.071771	0.007817	2.0
937	-0.720611	154.982117	0.008503	2.5
938	-0.391535	154.892601	0.004095	1.4
939	0.000000	154.803222	0.000000	3.1
940	-0.773696	154.713981	0.021172	1.6
941	0.000000	154.624878	0.000000	2.1
942	-0.719953	154.535910	0.004609	1.5
943	-0.923885	154.447080	0.007706	2.3
944	-0.801780	154.358385	0.034877	1.5
945	-0.576551	154.269826	0.022100	2.8
946	-0.966351	154.181402	0.024123	2.6
947	-0.845901	154.093114	0.004573	3.1
948	-0.855769	154.004960	0.009485	2.7
949	-0.404521	153.916940	0.008583	1.3
950	-0.860142	153.829054	0.009567	2.8
951	-0.067111	153.741303	0.002625	1.4
952	-0.737093	153.653684	0.023937	3.4
953	-0.836487	153.566198	0.021374	2.8
954	-1.021511	153.478846	0.036965	1.5
955	-0.001116	153.391625	0.000286	2.4
956	-0.436578	153.304537	0.003758	1.8
957	-0.929080	153.217580	0.054404	1.8
958	-0.617927	153.130755	0.015646	2.0
959	-0.041342	153.044061	0.005639	2.3
960	-0.636882	152.957498	0.015156	2.0
961	-0.932520	152.871065	0.025222	1.8
962	-0.736690	152.784762	0.038210	2.3
963	0.000000	152.698589	0.000000	1.5
964	0.000000	152.612545	0.000000	1.8
965	-0.886771	152.526631	0.032244	2.1
966	-0.485163	152.440845	0.005673	1.7
967	-0.911887	152.355188	0.039538	2.8
968	-0.639459	152.269660	0.014172	2.2
969	-1.102399	152.184259	0.056507	1.7
970	-1.246597	152.098986	0.013638	1.7
971	-0.000000	152.013840	0.000000	2.6
972	-0.182351	151.928821	0.004532	2.7
973	-1.086263	151.843928	0.008618	1.4
974	-0.775722	151.759163	0.057277	3.1
975	-0.668449	151.674523	0.009152	1.5
976	-0.818140	151.590009	0.058119	2.5
977	0.000000	151.505620	0.000000	3.4
978	-1.056392	151.421357	0.013847	3.1
979	-0.691109	151.337218	0.036915	2.1
980	-0.433400	151.253204	0.012616	2.6
981	-0.000000	151.169314	0.000000	1.5
982	-0.777031	151.085549	0.046259	1.7
983	-0.000000	151.001907	0.000000	1.9
984	-0.426285	150.918388	0.006010	2.1
985	-0.006121	150.834992	0.000829	1.7
986	-0.084997	150.751719	0.002457	2.2
987	-0.908626	150.668569	0.023602	1.7
988	-0.000000	150.585541	0.000000	1.9
989	-0.543903	150.502634	0.032665	2.1
990	-0.159142	150.419849	0.007111	2.4
991	-0.951295	150.337186	0.049907	2.6
992	-1.039487	150.254644	0.047215	1.8
993	-0.621942	150.172222	0.038769	1.5
994	-1.054021	150.089921	0.019544	1.9
995	-0.008731	150.007740	0.000147	2.5
996	-0.656449	149.925679	0.003206	1.4
997	-0.972437	149.843737	0.032642	2.9
998	-1.181274	149.761915	0.031347	2.4
999	-0.828256	149.680212	0.029978	2.9
1000	-0.674992	149.598627	0.019381	1.4
1001	-1.086573	149.517161	0.041361	2.2
1002	0.000000	149.435814	0.000000	2.0
1003	-1.030395	149.354584	0.067020	2.0
1004	-0.000000	149.273472	0.000000	3.3
1005	-0.828766	149.192477	0.029569	2.0
1006	-1.125882	149.111599	0.065318	2.7
1007	0.000000	149.030838	0.000000	1.7
1008	-0.683569	148.950194	0.028578	2.6
1009	-0.690274	148.869666	0.025495	3.4
1010	-0.835117	148.789253	0.013154	3.4
1011	-0.682827	148.708957	0.013370	3.7
1012	-0.000000	148.628776	0.000000	1.8
1013	-0.505263	148.548710	0.042817	2.2
1014	-0.675161	148.468759	0.019225	2.9
1015	-0.473710	148.388923	0.006008	1.6
1016	-1.188517	148.309201	0.017679	3.3
1017	-0.565107	148.229594	0.025508	2.7
1018	-0.827274	148.150100	0.016607	1.7
1019	-0.823902	148.070719	0.016232	3.0
1020	-0.000000	147.991452	0.000000	3.6
1021	-0.835175	147.912298	0.030012	3.3
1022	-0.000000	147.833257	0.000000	2.7
1023	-0.045059	147.754329	0.003804	2.7
1024	-0.553822	147.675512	0.007529	1.9
1025	-0.746397	147.596808	0.011938	2.1
1026	-1.068696	147.518216	0.034773	1.7
1027	-0.738477	147.439735	0.021417	2.7
1028	-0.791255	147.361365	0.037996	2.8
1029	-1.066266	147.283106	0.074657	3.2
1030	-0.793662	147.204958	0.060399	2.6
1031	-0.683833	147.126920	0.021498	2.1
1032	-1.018187	147.048993	0.023784	1.8
1033	-0.534689	146.971175	0.018232	2.1
1034	-1.023623	146.893468	0.024597	2.9
1035	-0.000044	146.815869	0.000015	2.8
1036	-0.000000	146.738380	0.000000	1.6
1037	-0.740159	146.661000	0.008839	2.3
1038	-0.211855	146.583729	0.005034	2.7
1039	-0.710167	146.506566	0.024824	2.6
1040	-0.406300	146.429511	0.011243	1.9
1041	-0.000000	146.352565	0.000000	2.0
1042	-1.129771	146.275726	0.081649	2.7
1043	-0.483005	146.198994	0.033298	2.5
1044	-0.674926	146.122370	0.057698	1.6
1045	0.000000	146.045853	0.000000	3.2
1046	-0.000000	145.969442	0.000000	1.3
1047	-0.045783	145.893139	0.001438	2.2
1048	-0.487488	145.816941	0.032918	2.6
1049	-0.820803	145.740849	0.012547	2.8
1050	-0.000000	145.664863	0.000000	1.5
1051	0.000000	145.588983	0.000000	2.0
1052	-0.887565	145.513208	0.034610	1.5
1053	-0.995124	145.437538	0.062922	3.4
1054	-0.693757	145.361973	0.014019	1.6
1055	-0.590900	145.286513	0.019377	2.4
1056	-0.007031	145.211157	0.001100	2.5
1057	-0.859394	145.135905	0.012322	1.4
1058	-1.088109	145.060757	0.083470	3.2
1059	-1.010933	144.985712	0.021791	2.8
1060	-0.852893	144.910771	0.019348	2.8
1061	-0.433121	144.835934	0.005535	1.3
1062	-0.214530	144.761199	0.002032	3.3
1063	-0.010842	144.686567	0.000906	1.7
1064	-0.000000	144.612037	0.000000	2.5
1065	-0.521479	144.537610	0.005667	1.5
1066	-0.200018	144.463285	0.005169	2.2
1067	-0.516608	144.389062	0.016331	2.1
1068	-0.724652	144.314940	0.016317	2.9
1069	-0.000000	144.240920	0.000000	2.7
1070	-0.816557	144.167001	0.010571	2.6
1071	-0.299575	144.093182	0.003370	1.9
1072	-0.039872	144.019465	0.000581	2.0
1073	-0.003212	143.945848	0.000314	1.9
1074	-1.173355	143.872331	0.059525	2.3
1075	-1.100603	143.798914	0.016842	1.9
1076	-0.814979	143.725597	0.022500	1.6
1077	-0.024253	143.652380	0.001780	2.1
1078	-0.561105	143.579262	0.007049	1.6
1079	-1.006754	143.506243	0.025070	2.4
1080	-1.105794	143.433323	0.016678	1.5
1081	-0.813791	143.360502	0.063758	2.7
1082	-0.938441	143.287780	0.067494	2.4
1083	-0.006559	143.215155	0.000029	3.0
1084	-0.597922	143.142629	0.005577	1.4
1085	-0.052526	143.070201	0.005374	3.2
1086	-1.184366	142.997870	0.029154	2.1
1087	-1.129478	142.925637	0.031597	2.5
1088	-0.000000	142.853501	0.000000	1.8
1089	-0.801821	142.781462	0.012190	1.6
1090	-0.624227	142.709519	0.010262	2.2
1091	-1.057305	142.637674	0.017731	2.5
1092	-1.155791	142.565924	0.038692	2.9
1093	-1.018468	142.494271	0.050163	1.5
1094	-0.878776	142.422714	0.061883	3.2
1095	-0.775235	142.351252	0.004863	2.5
1096	-0.384033	142.279886	0.008014	1.9
1097	-0.000000	142.208616	0.000000	1.8
1098	-0.977289	142.137440	0.023219	2.2
1099	-0.958804	142.066360	0.014877	2.0
1100	0.000000	141.995374	0.000000	2.6
1101	-0.890726	141.924483	0.009658	3.2
1102	-0.027756	141.853685	0.001327	1.5
1103	-1.027356	141.782983	0.050548	2.6
1104	-0.360473	141.712373	0.013121	2.9
1105	-0.656166	141.641858	0.016859	2.2
1106	-1.148122	141.571436	0.043736	2.8
1107	-1.076101	141.501108	0.046132	3.1
1108	-0.678484	141.430872	0.019031	1.7
1109	-0.000751	141.360730	0.000003	1.2
1110	-0.795449	141.290680	0.011161	2.0
1111	-0.412474	141.220722	0.005598	3.0
1112	-0.640618	141.150857	0.013627	2.7
1113	-0.051199	141.081084	0.001063	2.8
1114	-0.314289	141.011403	0.005130	1.3
1115	-0.119474	140.941813	0.003922	3.2
1116	-1.129926	140.872315	0.062055	1.6
1117	-0.023938	140.802909	0.001076	2.0
1118	-1.184520	140.733593	0.013681	2.4
1119	-0.765154	140.664369	0.014166	1.6
1120	-0.883061	140.595235	0.025083	2.6
1121	-0.961630	140.526192	0.010600	1.8
1122	-0.591927	140.457239	0.008864	1.9
1123	-0.000043	140.388376	0.000031	2.5
1124	-1.117193	140.319603	0.021288	2.8
1125	-0.718857	140.250920	0.004476	1.6
1126	-0.718513	140.182326	0.020802	1.7
1127	-0.002948	140.113822	0.000246	2.3
1128	-1.261862	140.045407	0.011645	1.6
1129	-0.000021	139.977081	0.000007	2.0
1130	-0.000000	139.908844	0.000000	2.6
1131	-0.960323	139.840696	0.041249	2.0
1132	0.000000	139.772635	0.000000	1.4
1133	-1.111584	139.704664	0.015334	2.1
1134	-0.998942	139.636780	0.047515	1.5
1135	-0.740561	139.568984	0.033082	2.1
1136	-1.063798	139.501276	0.017617	2.5
1137	-0.831272	139.433655	0.062200	2.6
1138	-0.000000	139.366122	0.000000	1.2
1139	-0.000000	139.298676	0.000000	2.9
1140	-0.052390	139.231317	0.001493	1.5
1141	-0.901918	139.164045	0.008831	2.4
1142	-0.984351	139.096859	0.060749	2.7
1143	-0.928746	139.029760	0.009166	1.8
1144	-0.000000	138.962747	0.000000	1.7
1145	0.000000	138.895820	0.000000	1.3
1146	0.000000	138.828978	0.000000	3.1
1147	-0.008273	138.762223	0.000531	1.7
1148	-0.074276	138.695553	0.002638	1.9
1149	-0.032625	138.628969	0.000592	2.8
1150	-0.116835	138.562469	0.000685	2.8
1151	-0.711428	138.496055	0.014338	2.9
1152	-0.000000	138.429725	0.000000	1.6
1153	-0.276656	138.363481	0.012090	3.4
1154	-0.522031	138.297320	0.029343	1.7
1155	-0.097948	138.231244	0.003510	2.1
1156	-0.940095	138.165252	0.017161	2.7
1157	-0.361416	138.099344	0.006453	2.6
1158	-0.000000	138.033520	0.000000	2.8
1159	-0.716770	137.967779	0.013719	1.5
1160	-0.695372	137.902122	0.013647	2.8
1161	-0.716852	137.836548	0.016693	2.1
1162	-0.999969	137.771057	0.011820	2.7
1163	-0.000000	137.705649	0.000000	2.7
1164	-0.705291	137.640324	0.020718	1.3
1165	-0.587935	137.575081	0.012588	3.6
1166	-0.677353	137.509921	0.004747	1.8
1167	-0.000000	137.444842	0.000000	1.7
1168	0.000000	137.379846	0.000000	2.2
1169	-0.027000	137.314932	0.002562	1.4
1170	-0.464932	137.250100	0.013655	2.6
1171	-1.003074	137.185349	0.029542	2.9
1172	-0.810557	137.120680	0.007041	1.4
1173	-0.764234	137.056092	0.010002	2.4
1174	-0.007841	136.991585	0.003282	1.7
1175	-0.307223	136.927158	0.000903	1.9
1176	-0.728917	136.862813	0.017068	2.6
1177	-0.177922	136.798548	0.006525	1.5
1178	-0.981622	136.734363	0.007389	2.1
1179	-0.053062	136.670259	0.002040	2.4
1180	0.000000	136.606235	0.000000	1.6
1181	-1.010520	136.542291	0.011257	1.7
1182	-0.000000	136.478426	0.000000	1.9
1183	-1.173960	136.414641	0.064318	1.6
1184	-1.013621	136.350936	0.015525	3.1
1185	-0.411356	136.287310	0.013799	2.7
1186	-0.000000	136.223763	0.000000	1.4
1187	-1.139673	136.160295	0.033046	2.9
1188	-0.670327	136.096905	0.036422	3.2
1189	-0.742402	136.033594	0.016173	1.8
1190	-0.012265	135.970362	0.000651	1.9
1191	-0.950067	135.907208	0.011343	2.1
1192	-0.000005	135.844133	0.000002	2.3
1193	-0.122247	135.781135	0.008519	1.5
1194	-0.051228	135.718215	0.003732	2.2
1195	0.000000	135.655373	0.000000	1.4
1196	-0.685130	135.592608	0.019331	2.1
1197	-0.497294	135.529921	0.014834	2.4
1198	-0.413962	135.467311	0.004862	2.7
1199	-0.451864	135.404778	0.017014	2.5
1200	-1.213908	135.342322	0.028155	1.8
1201	-0.567581	135.279942	0.017310	1.9
1202	-1.057133	135.217640	0.010302	1.5
1203	-0.670232	135.155413	0.007475	2.6
1204	-0.015587	135.093263	0.001503	2.5
1205	-1.191158	135.031190	0.045022	1.8
1206	-0.573429	134.969192	0.010625	2.3
1207	-0.872598	134.907270	0.030248	2.2
1208	-1.145224	134.845424	0.027745	1.4
1209	-0.001620	134.783653	0.000279	2.4
1210	-0.711407	134.721958	0.015916	1.5
1211	-0.554887	134.660338	0.013667	2.3
1212	-0.839337	134.598793	0.010607	2.2
1213	-0.000398	134.537323	0.000182	1.8
1214	-0.491387	134.475927	0.010868	2.4
1215	-1.047787	134.414607	0.038160	1.5
1216	-0.406874	134.353361	0.003329	2.9
1217	-0.996625	134.292189	0.031045	1.6
1218	-1.058109	134.231092	0.075878	2.9
1219	-0.939268	134.170068	0.038422	2.7
1220	-0.571925	134.109119	0.008941	2.4
1221	-0.567183	134.048243	0.004000	1.4
1222	-1.021989	133.987441	0.037885	3.0
1223	-0.266408	133.926713	0.004261	1.9
1224	-1.049228	133.866057	0.033935	1.5
1225	-0.749909	133.805475	0.008695	2.4
1226	-1.049350	133.744966	0.035366	2.5
1227	-0.000000	133.684530	0.000000	2.6
1228	-0.983558	133.624167	0.020852	1.6
1229	-0.737654	133.563877	0.013116	1.7
1230	-0.810579	133.503658	0.010883	3.1
1231	-0.394125	133.443513	0.008428	2.5
1232	-1.075615	133.383439	0.031044	2.9
1233	-0.000000	133.323437	0.000000	2.6
1234	-1.024181	133.263508	0.032655	1.8
1235	-0.267583	133.203650	0.004361	2.1
1236	-0.001248	133.143864	0.000164	2.7
1237	-0.058418	133.084149	0.003839	2.6
1238	-1.166435	133.024506	0.079802	1.5
1239	0.000000	132.964934	0.000000	2.9
1240	-0.708557	132.905433	0.011114	2.0
1241	-0.803551	132.846003	0.019754	3.0
1242	-1.221598	132.786643	0.024016	2.4
1243	-1.091249	132.727355	0.054343	1.6
1244	0.000000	132.668137	0.000000	3.0
1245	-1.064991	132.608989	0.050873	1.7
1246	-0.000000	132.549912	0.000000	2.5
1247	-0.977103	132.490904	0.081627	2.5
1248	-0.798622	132.431967	0.010652	3.3
1249	-0.031024	132.373100	0.001724	1.5
1250	-0.000006	132.314302	0.000005	2.7
1251	-0.241454	132.255574	0.001733	1.6
1252	-0.712689	132.196916	0.024097	2.1
1253	-0.403869	132.138326	0.005160	2.4
1254	-1.038603	132.079806	0.036699	2.1
1255	-0.024804	132.021355	0.001289	2.0
1256	-0.818841	131.962973	0.010251	3.1
1257	-0.052224	131.904660	0.001418	3.4
1258	-0.092828	131.846415	0.005102	3.6
1259	-0.751973	131.788239	0.014800	2.4
1260	-0.000000	131.730131	0.000000	1.8
1261	-0.307079	131.672092	0.010241	3.2
1262	-0.000000	131.614121	0.000000	2.7
1263	-0.760394	131.556217	0.014704	2.8
1264	-0.672892	131.498382	0.019847	2.0
1265	-1.051497	131.440614	0.053105	1.9
1266	-0.742371	131.382914	0.045695	2.1
1267	-1.133460	131.325282	0.068259	1.7
1268	-0.003595	131.267717	0.000527	2.2
1269	-0.777636	131.210219	0.021455	3.5
1270	-0.043441	131.152788	0.001068	2.6
1271	-0.948932	131.095424	0.018424	2.6
1272	-0.776658	131.038127	0.024023	3.7
1273	-0.629502	130.980897	0.014925	2.8
1274	-0.702693	130.923733	0.057273	1.4
1275	-0.994346	130.866636	0.069282	3.6
1276	-0.388054	130.809605	0.018508	2.4
1277	-0.779867	130.752641	0.011764	3.1
1278	-1.188806	130.695742	0.027236	2.7
1279	-0.511996	130.638910	0.011005	2.6
1280	-0.454431	130.582143	0.020386	3.3
1281	-0.140513	130.525442	0.002764	1.5
1282	-0.626113	130.468807	0.030476	2.2
1283	-0.516605	130.412237	0.006994	2.7
1284	-0.822180	130.355733	0.007273	1.8
1285	-0.650830	130.299294	0.033008	2.1
1286	-0.932613	130.242920	0.020193	2.9
1287	-0.109832	130.186611	0.006668	2.1
1288	-0.116583	130.130366	0.001994	2.4
1289	-0.000000	130.074187	0.000000	1.6
1290	-1.053525	130.018072	0.018069	2.4
1291	-0.953216	129.962022	0.014749	2.0
1292	-0.993501	129.906036	0.017190	1.9
1293	-0.045440	129.850114	0.004008	3.1
1294	-1.224176	129.794257	0.020385	1.5
1295	-0.889092	129.738463	0.013626	2.8
1296	-0.019106	129.682734	0.000534	1.9
1297	-0.373389	129.627068	0.003767	2.6
1298	-0.705090	129.571466	0.013155	1.5
1299	-0.359040	129.515927	0.002670	2.1
1300	-0.207707	129.460452	0.004896	2.2
1301	-0.265247	129.405040	0.002378	2.6
1302	-0.020562	129.349692	0.000326	2.0
1303	-0.281162	129.294406	0.006623	1.7
1304	-0.965867	129.239183	0.045697	2.9
1305	-0.716760	129.184024	0.019218	1.5
1306	-0.931173	129.128927	0.056651	3.0
1307	-0.530558	129.073892	0.009509	1.8
1308	-0.924748	129.018921	0.032002	2.4
1309	-1.117342	128.964011	0.006014	3.2
1310	-1.131892	128.909164	0.018731	1.6
1311	-0.651047	128.854379	0.008537	2.0
1312	-1.027678	128.799656	0.018672	2.3
1313	-0.470831	128.744995	0.009223	1.6
1314	-0.434913	128.690396	0.011640	2.0
1315	-0.953117	128.635858	0.041231	2.9
1316	-0.002738	128.581382	0.000503	3.3
1317	-1.165709	128.526968	0.031600	2.1
1318	-0.000000	128.472615	0.000000	1.9
1319	-0.874427	128.418323	0.018571	2.7
1320	-0.293013	128.364092	0.006837	2.7
1321	-0.285198	128.309922	0.013393	1.6
1322	-1.103526	128.255814	0.025191	2.8
1323	-0.600880	128.201766	0.017675	2.5
1324	-0.031905	128.147778	0.002556	2.7
1325	-0.124311	128.093852	0.004866	1.6
1326	-0.174428	128.039985	0.005965	2.9
1327	-0.444410	127.986180	0.011226	2.8
1328	-0.710904	127.932434	0.023854	3.0
1329	-0.000000	127.878749	0.000000	2.4
1330	-1.084458	127.825123	0.041947	2.6
1331	-0.000000	127.771558	0.000000	1.7
1332	0.000000	127.718052	0.000000	1.8
1333	-0.000000	127.664606	0.000000	1.9
1334	-0.084208	127.611220	0.001009	2.9
1335	-0.724300	127.557893	0.008383	1.6
1336	-0.091005	127.504625	0.005146	2.6
1337	-0.049380	127.451417	0.001212	1.3
1338	-1.230181	127.398268	0.024821	3.1
1339	-0.053514	127.345178	0.001727	1.7
1340	-1.123736	127.292147	0.038016	2.4
1341	-0.915625	127.239175	0.056897	1.6
1342	-0.558956	127.186261	0.005157	2.5
1343	-0.166778	127.133407	0.006751	1.9
1344	-0.600045	127.080610	0.013654	2.3
1345	0.000000	127.027872	0.000000	1.5
1346	-0.000000	126.975193	0.000000	2.2
1347	-1.041307	126.922572	0.040880	1.8
1348	-0.291373	126.870008	0.013602	2.8
1349	-0.651266	126.817503	0.005969	1.5
1350	-0.771174	126.765056	0.022825	2.4
1351	-0.343672	126.712667	0.014015	1.6
1352	-0.275307	126.660335	0.009757	3.4
1353	-1.138390	126.608061	0.033632	1.7
1354	-0.887472	126.555844	0.018006	2.9
1355	-0.612068	126.503685	0.025729	1.5
1356	-0.911877	126.451583	0.022640	2.8
1357	-0.170955	126.399538	0.004192	2.8
1358	-0.401697	126.347550	0.016662	3.3
1359	-0.003817	126.295619	0.000550	1.7
1360	-0.007058	126.243745	0.000284	2.7
1361	-0.557047	126.191928	0.010375	2.2
1362	-1.252876	126.140168	0.035003	1.7
1363	-0.734318	126.088464	0.005888	2.0
1364	-1.165533	126.036817	0.035424	2.8
1365	-0.236591	125.985226	0.004208	2.4
1366	-0.000000	125.933691	0.000000	2.0
1367	-0.167035	125.882212	0.001396	1.7
1368	-0.968833	125.830790	0.010631	2.3
1369	-1.094652	125.779423	0.010533	2.3
1370	-1.202751	125.728113	0.061574	2.3
1371	-0.097982	125.676858	0.002334	1.8
1372	-0.000000	125.625659	0.000000	2.0
1373	-0.949240	125.574515	0.041234	2.7
1374	-0.805107	125.523427	0.062175	2.6
1375	0.000000	125.472394	0.000000	2.9
1376	-1.023986	125.421417	0.048337	1.5
1377	-0.704400	125.370495	0.010717	2.3
1378	-1.087807	125.319628	0.027158	1.8
1379	-0.674536	125.268815	0.046926	3.1
1380	-1.285946	125.218058	0.031642	2.4
1381	-0.000312	125.167356	0.000131	3.4
1382	-0.531795	125.116708	0.010209	1.5
1383	-0.831726	125.066115	0.042731	3.1
1384	-0.772703	125.015576	0.019606	3.7
1385	-0.657516	124.965092	0.019286	2.9
1386	-0.005622	124.914662	0.000524	1.4
1387	-0.598091	124.864287	0.023289	2.8
1388	-0.965414	124.813965	0.016410	2.5
1389	-1.106167	124.763698	0.027220	2.0
1390	-0.339938	124.713485	0.002792	1.7
1391	-0.291953	124.663325	0.010452	2.3
1392	-0.834225	124.613219	0.011433	1.5
1393	-0.000000	124.563167	0.000000	2.6
1394	-0.457987	124.513168	0.011831	2.9
1395	-0.093598	124.463223	0.003520	1.4
1396	-0.932299	124.413332	0.024674	2.6
1397	-0.705667	124.363493	0.006433	2.5
1398	-0.077816	124.313708	0.005948	1.3
1399	-0.872443	124.263976	0.036744	2.0
1400	-0.816197	124.214297	0.010025	1.8
1401	-0.594537	124.164671	0.010835	2.3
1402	-0.000000	124.115097	0.000000	1.6
1403	-0.934138	124.065577	0.010976	1.6
1404	-0.355691	124.016109	0.002818	2.2
1405	-0.143410	123.966693	0.004559	2.1
1406	-0.592261	123.917330	0.019409	2.4
1407	-0.000000	123.868020	0.000000	1.4
1408	-1.061108	123.818762	0.041518	2.6
1409	-1.163728	123.769556	0.014863	1.6
1410	-0.000000	123.720402	0.000000	2.3
1411	-0.921833	123.671300	0.005490	1.9
1412	-0.000000	123.622250	0.000000	2.1
1413	-0.556776	123.573252	0.010974	1.5
1414	-1.205978	123.524305	0.026807	1.9
1415	-1.024869	123.475411	0.042461	1.5
1416	-0.007032	123.426568	0.002008	2.7
1417	-1.066989	123.377776	0.053642	2.2
1418	-1.210966	123.329036	0.021874	1.8
1419	-0.000000	123.280347	0.000000	2.5
1420	-0.787502	123.231709	0.008748	1.5
1421	-0.711409	123.183122	0.007365	2.3
1422	-0.091107	123.134587	0.003676	2.2
1423	-0.571961	123.086102	0.010078	2.7
1424	-0.455638	123.037669	0.017497	2.6
1425	0.000000	122.989286	0.000000	2.5
1426	0.000000	122.940954	0.000000	1.2
1427	-0.747396	122.892672	0.046780	3.5
1428	-0.000000	122.844441	0.000000	1.6
1429	-0.542955	122.796261	0.008994	2.1
1430	-0.857725	122.748130	0.009597	2.4
1431	-0.810041	122.700050	0.006477	1.9
1432	-1.060185	122.652021	0.035272	1.9
1433	-1.073228	122.604041	0.030946	1.8
1434	-0.857489	122.556111	0.039623	2.8
1435	0.000000	122.508232	0.000000	2.1
1436	-1.182513	122.460402	0.036465	2.6
1437	-0.551847	122.412622	0.010248	2.8
1438	0.000000	122.364891	0.000000	1.6
1439	-1.117950	122.317210	0.019502	1.8
1440	-0.722598	122.269579	0.041396	3.5
1441	-0.966325	122.221997	0.045414	2.1
1442	0.000000	122.174465	0.000000	3.6
1443	0.000000	122.126981	0.000000	1.7
1444	-0.768500	122.079547	0.004873	1.5
1445	-0.000077	122.032162	0.000017	2.1
1446	0.000000	121.984826	0.000000	1.6
1447	-0.859538	121.937539	0.039787	2.3
1448	0.000000	121.890301	0.000000	1.4
1449	-0.449844	121.843112	0.010353	2.3
1450	-0.833768	121.795971	0.024806	1.8
1451	-0.316922	121.748879	0.011520	2.7
1452	-0.880400	121.701835	0.030507	2.8
1453	-0.197238	121.654840	0.008828	1.4
1454	-0.424580	121.607893	0.006531	2.5
1455	-0.343606	121.560994	0.002237	3.1
1456	0.000000	121.514144	0.000000	1.2
1457	-0.904778	121.467342	0.035486	3.1
1458	-0.318893	121.420588	0.010506	2.0
1459	0.000000	121.373882	0.000000	1.2
1460	-1.146324	121.327223	0.090180	1.8
1461	-0.106127	121.280613	0.001701	2.5
1462	-0.319091	121.234050	0.002418	1.7
1463	-0.728461	121.187535	0.027396	2.2
1464	-0.834363	121.141067	0.019243	2.0
1465	-0.842360	121.094647	0.018311	2.6
1466	-0.675323	121.048274	0.019688	2.4
1467	-0.742554	121.001949	0.007441	1.5
1468	-0.728961	120.955671	0.009375	2.2
1469	-0.960184	120.909440	0.013819	2.6
1470	-1.039804	120.863256	0.023041	2.3
1471	-1.179267	120.817119	0.056340	2.0
1472	-0.996996	120.771029	0.070376	1.6
1473	-0.894475	120.724986	0.028844	2.2
1474	-0.289641	120.678990	0.007213	3.0
1475	-0.080978	120.633040	0.001100	1.4
1476	-0.654601	120.587137	0.018738	2.7
1477	-0.636636	120.541281	0.010870	2.5
1478	-0.882252	120.495471	0.031040	1.3
1479	-0.187924	120.449707	0.006870	3.5
1480	-0.625508	120.403990	0.013772	1.4
1481	-0.995318	120.358319	0.023289	3.0
1482	-0.418929	120.312694	0.027274	2.8
1483	-0.766224	120.267115	0.063228	2.4
1484	-1.143886	120.221582	0.036423	2.0
1485	-0.001454	120.176096	0.000320	1.5
1486	-0.743154	120.130655	0.020344	2.9
1487	-0.782313	120.085260	0.009595	2.7
1488	-1.022856	120.039910	0.054580	2.7
1489	-0.663530	119.994606	0.015585	2.8
1490	-0.685035	119.949348	0.012491	2.4
1491	-0.611286	119.904135	0.012990	1.9
1492	-0.126902	119.858968	0.004241	2.7
1493	-0.000163	119.813846	0.000084	2.7
1494	-0.010294	119.768769	0.001011	3.1
1495	-0.442348	119.723738	0.003817	2.0
1496	-0.239074	119.678752	0.002990	1.9
1497	-1.196924	119.633810	0.066066	1.7
1498	-0.997642	119.588914	0.046498	2.0
1499	-0.427799	119.544062	0.012090	2.5
1500	-0.605042	119.499256	0.017344	1.4
1501	0.000000	119.454494	0.000000	3.1
1502	-0.000000	119.409777	0.000000	1.3
1503	-0.345374	119.365104	0.013206	1.8
1504	0.000000	119.320476	0.000000	1.5
1505	-1.139392	119.275893	0.026883	2.8
1506	-1.221218	119.231353	0.012147	1.6
1507	0.000000	119.186859	0.000000	1.5
1508	-0.600406	119.142408	0.004338	2.8
1509	-0.760592	119.098002	0.048850	1.5
1510	-0.000000	119.053639	0.000000	3.0
1511	0.000000	119.009321	0.000000	2.6
1512	-0.000320	118.965047	0.000108	1.3
1513	-1.147588	118.920816	0.065570	3.6
1514	-0.500426	118.876630	0.016825	1.5
1515	-0.000000	118.832487	0.000000	2.6
1516	-0.415720	118.788388	0.005033	3.0
1517	-1.061686	118.744332	0.068301	2.0
1518	-1.054731	118.700320	0.045202	1.9
1519	-0.451687	118.656352	0.009827	2.2
1520	0.000000	118.612427	0.000000	2.1
1521	-0.000000	118.568545	0.000000	1.5
1522	-0.724164	118.524706	0.011975	1.8
1523	-0.796213	118.480911	0.018997	1.9
1524	-0.600325	118.437159	0.017021	1.9
1525	-0.887137	118.393450	0.011236	2.3
1526	-0.953945	118.349784	0.030426	1.5
1527	-1.121346	118.306160	0.041354	2.5
1528	-0.000000	118.262580	0.000000	1.3
1529	-0.002164	118.219042	0.000196	2.1
1530	-0.634972	118.175548	0.043795	1.9
1531	-1.188871	118.132095	0.037727	1.8
1532	-0.502115	118.088686	0.016411	2.0
1533	-0.735378	118.045319	0.011034	3.0
1534	-0.000000	118.001994	0.000000	1.9
1535	0.000000	117.958712	0.000000	1.8
1536	-0.994809	117.915472	0.019203	1.6
1537	-0.000000	117.872274	0.000000	2.8
1538	-0.000000	117.829118	0.000000	2.4
1539	-0.740384	117.786005	0.021278	2.0
1540	-0.715390	117.742933	0.013758	2.4
1541	-0.765501	117.699904	0.019970	1.7
1542	-0.117293	117.656916	0.006036	2.5
1543	-0.592977	117.613971	0.006525	1.8
1544	-0.014816	117.571067	0.001808	1.7
1545	0.000000	117.528205	0.000000	1.8
1546	-1.001892	117.485384	0.028048	1.6
1547	-1.175030	117.442605	0.007550	2.3
1548	-1.099290	117.399867	0.023252	2.1
1549	-0.034980	117.357171	0.001171	1.9
1550	-0.000000	117.314517	0.000000	2.8
1551	-1.003679	117.271903	0.014791	2.1
1552	-0.682066	117.229331	0.027869	1.8
1553	-0.522617	117.186800	0.010407	1.9
1554	-0.626083	117.144311	0.011379	2.2
1555	-0.989718	117.101862	0.013627	2.2
1556	-0.490964	117.059454	0.005913	3.4
1557	-0.899402	117.017087	0.024416	1.5
1558	-1.026342	116.974762	0.008183	2.5
1559	-0.362016	116.932476	0.008267	1.8
1560	-1.111213	116.890232	0.030857	2.5
1561	-0.814559	116.848028	0.021899	1.7
1562	-0.000002	116.805865	0.000002	2.1
1563	-0.948332	116.763743	0.037882	2.6
1564	-0.934155	116.721661	0.011378	2.8
1565	-0.998103	116.679619	0.032036	1.5
1566	-1.257378	116.637618	0.055081	2.1
1567	-0.000000	116.595657	0.000000	2.8
1568	-1.142475	116.553736	0.011998	1.4
1569	-0.039162	116.511855	0.003276	3.4
1570	-0.992366	116.470015	0.009733	1.4
1571	-0.176568	116.428214	0.001229	3.3
1572	-0.000000	116.386454	0.000000	1.3
1573	-0.188120	116.344733	0.006669	2.8
1574	-1.231528	116.303052	0.040657	2.9
1575	-0.087261	116.261412	0.003036	1.4
1576	-0.720777	116.219810	0.015641	3.1
1577	-0.813076	116.178249	0.006331	1.4
1578	-1.127749	116.136727	0.033752	2.7
1579	-0.768356	116.095245	0.014474	2.9
1580	-0.959417	116.053802	0.020457	1.5
1581	-0.689636	116.012398	0.008789	3.0
1582	-0.201763	115.971034	0.004409	2.4
1583	-0.705453	115.929710	0.010334	2.0
1584	-0.354743	115.888424	0.004002	1.9
1585	-0.638835	115.847178	0.017964	1.9
1586	-0.607998	115.805970	0.011689	2.3
1587	-0.000000	115.764802	0.000000	1.6
1588	-0.612214	115.723673	0.007575	2.7
1589	-0.000000	115.682583	0.000000	1.8
1590	-0.725103	115.641532	0.030574	2.8
1591	-0.714940	115.600519	0.012299	1.7
1592	-0.000000	115.559546	0.000000	2.1
1593	-0.892051	115.518610	0.041519	2.1
1594	-0.036693	115.477714	0.000593	1.6
1595	-0.012961	115.436856	0.001595	3.5
1596	-0.769524	115.396037	0.021217	3.0
1597	-0.593687	115.355256	0.015947	2.9
1598	-0.782098	115.314514	0.006071	2.9
1599	-0.375811	115.273810	0.002380	2.7
1600	-0.822958	115.233144	0.052273	2.6
1601	-0.527606	115.192517	0.022308	1.8
1602	-0.814110	115.151927	0.006339	2.4
1603	-0.000000	115.111376	0.000000	3.4
1604	-0.000079	115.070863	0.000054	1.6
1605	-0.536683	115.030388	0.005328	3.0
1606	-0.000000	114.989951	0.000000	1.6
1607	-0.407042	114.949551	0.015248	1.9
1608	-0.042401	114.909190	0.002664	2.8
1609	-0.259764	114.868866	0.007832	2.5
1610	-0.000000	114.828580	0.000000	2.9
1611	-0.857652	114.788332	0.038891	3.4
1612	-1.111953	114.748121	0.036951	1.8
1613	-0.583463	114.707948	0.023542	2.2
1614	-0.864542	114.667812	0.041895	2.2
1615	-1.068183	114.627714	0.043112	2.4
1616	-0.297450	114.587653	0.005217	2.7
1617	-0.555168	114.547629	0.010156	2.9
1618	-1.081440	114.507643	0.025945	2.1
1619	-0.714092	114.467693	0.044665	3.1
1620	-0.984368	114.427781	0.042021	1.5
1621	-0.723653	114.387907	0.015253	3.4
1622	-0.537477	114.348069	0.010308	2.5
1623	-0.234228	114.308268	0.003392	1.6
1624	-0.000000	114.268504	0.000000	2.5
1625	-0.009846	114.228777	0.000628	1.7
1626	-0.285828	114.189086	0.014907	1.8
1627	-0.976865	114.149433	0.009690	2.0
1628	-1.098597	114.109816	0.033641	2.8
1629	-1.064142	114.070235	0.054469	2.4
1630	-0.000000	114.030692	0.000000	1.6
1631	-0.919140	113.991185	0.009851	2.9
1632	-0.682911	113.951714	0.019821	1.9
1633	-0.000000	113.912280	0.000000	1.5
1634	-0.395061	113.872882	0.008504	2.5
1635	-1.117486	113.833521	0.073320	2.8
1636	-0.000000	113.794195	0.000000	1.2
1637	-0.000209	113.754906	0.000047	3.0
1638	-0.000000	113.715653	0.000000	1.8
1639	-1.058508	113.676437	0.040882	3.1
1640	-0.332422	113.637256	0.013880	1.6
1641	0.000000	113.598111	0.000000	2.7
1642	-0.895983	113.559002	0.062220	2.9
1643	-0.820646	113.519929	0.016848	2.7
1644	-0.870335	113.480892	0.006759	2.5
1645	-0.708841	113.441891	0.018347	1.9
1646	-0.000000	113.402925	0.000000	2.3
1647	-0.111406	113.363995	0.006947	2.3
1648	-1.022818	113.325101	0.021649	3.4
1649	-0.000914	113.286242	0.000134	1.5
1650	-0.155546	113.247419	0.005247	2.7
1651	-0.000000	113.208631	0.000000	2.7
1652	-0.677218	113.169879	0.018441	2.8
1653	-0.945368	113.131162	0.013425	2.6
1654	-1.104975	113.092480	0.013422	1.7
1655	-0.654054	113.053833	0.016793	2.7
1656	-0.325277	113.015222	0.010956	1.8
1657	-0.854587	112.976646	0.009880	2.4
1658	-0.657904	112.938105	0.042422	1.7
1659	-0.000000	112.899599	0.000000	1.8
1660	-0.659320	112.861128	0.008817	2.1
1661	-0.056631	112.822692	0.003798	2.7
1662	-0.808628	112.784291	0.013500	3.1
1663	-0.000000	112.745924	0.000000	2.7
1664	0.000000	112.707593	0.000000	3.0
1665	-1.094470	112.669296	0.014612	2.7
1666	-0.541647	112.631034	0.024702	3.7
1667	-0.000013	112.592806	0.000010	1.8
1668	-0.608452	112.554613	0.031242	2.5
1669	-0.000000	112.516455	0.000000	3.1
1670	-0.000190	112.478331	0.000037	1.8
1671	-0.644196	112.440241	0.008791	2.5
1672	-0.730875	112.402186	0.007423	1.9
1673	-1.214338	112.364165	0.034125	2.9
1674	-0.601344	112.326179	0.032233	2.9
1675	-0.000000	112.288227	0.000000	3.6
1676	-0.680961	112.250309	0.004394	1.6
1677	-0.036616	112.212425	0.001291	3.4
1678	-1.228691	112.174575	0.058609	1.7
1679	-0.881163	112.136759	0.010566	2.8
1680	-0.604669	112.098977	0.014129	1.7
1681	-0.735023	112.061229	0.010779	2.4
1682	0.000000	112.023515	0.000000	2.5
1683	-0.021031	111.985834	0.000997	1.6
1684	-0.453451	111.948188	0.006217	2.3
1685	0.000000	111.910575	0.000000	2.6
1686	-1.084212	111.872996	0.038154	3.2
1687	-0.000000	111.835450	0.000000	1.8
1688	-0.195981	111.797939	0.006171	2.0
1689	-1.073395	111.760460	0.035351	2.4
1690	-0.000000	111.723015	0.000000	1.7
1691	-0.684568	111.685604	0.005805	3.2
1692	-0.000000	111.648226	0.000000	2.3
1693	-0.000000	111.610881	0.000000	2.0
1694	0.000000	111.573570	0.000000	2.1
1695	0.000000	111.536292	0.000000	2.0
1696	0.000000	111.499047	0.000000	1.9
1697	-0.741268	111.461835	0.029620	2.1
1698	-0.253685	111.424656	0.010186	3.4
1699	-0.001405	111.387510	0.000396	1.9
1700	-0.423479	111.350398	0.003066	2.1
1701	-0.846873	111.313318	0.014918	2.7
1702	-0.732000	111.276271	0.017119	3.7
1703	-1.078270	111.239257	0.011349	3.7
1704	-0.025718	111.202276	0.001335	2.4
1705	-0.000000	111.165328	0.000000	1.7
1706	-0.251658	111.128412	0.005899	3.1
1707	-0.112890	111.091529	0.002852	2.3
1708	-0.680635	111.054679	0.008358	2.0
1709	-0.000000	111.017861	0.000000	3.2
1710	-1.093230	110.981076	0.042682	2.8
1711	-0.413976	110.944323	0.003924	3.2
1712	-0.654621	110.907603	0.009778	1.8
1713	-0.039054	110.870915	0.001797	3.4
1714	-0.943072	110.834259	0.035188	3.2
1715	-0.614120	110.797636	0.025170	3.3
1716	-1.037781	110.761045	0.020963	2.3
1717	-0.576934	110.724486	0.007050	1.7
1718	-0.000000	110.687959	0.000000	3.8
1719	-0.823437	110.651465	0.019535	1.7
1720	-0.001917	110.615002	0.000344	2.9
1721	-0.917375	110.578572	0.009228	3.3
1722	-0.676057	110.542173	0.006196	3.8
1723	0.000000	110.505807	0.000000	1.4
1724	-0.000000	110.469472	0.000000	2.5
1725	-0.956236	110.433169	0.049880	3.0
1726	-0.730482	110.396898	0.010562	1.7
1727	-0.501231	110.360659	0.011502	3.1
1728	-0.750627	110.324451	0.008664	3.1
1729	-0.822141	110.288276	0.032379	2.0
1730	-0.367623	110.252131	0.011444	2.2
1731	-0.899571	110.216019	0.028135	1.9
1732	-0.754078	110.179937	0.012935	3.2
1733	-0.662724	110.143888	0.010633	2.1
1734	-0.709146	110.107869	0.011727	2.0
1735	-1.210914	110.071882	0.041255	2.0
1736	-0.576897	110.035927	0.022941	3.0
1737	-0.744317	110.000003	0.018192	1.8
1738	-0.424339	109.964110	0.011993	3.3
1739	0.000000	109.928248	0.000000	1.4
1740	-0.448622	109.892417	0.013631	3.4
1741	-0.907930	109.856618	0.021591	2.0
1742	-0.804506	109.820850	0.004127	2.2
1743	-0.398718	109.785112	0.007987	3.1
1744	-0.729646	109.749406	0.008092	1.7
1745	-0.000000	109.713730	0.000000	2.3
1746	-0.682299	109.678086	0.015991	2.4
1747	-0.475798	109.642472	0.005567	3.8
1748	-0.493625	109.606890	0.009606	2.9
1749	-1.015888	109.571337	0.013670	3.0
1750	-0.042291	109.535816	0.005051	2.8
1751	-0.974285	109.500326	0.023077	2.1
1752	-0.012551	109.464866	0.001125	2.0
1753	-0.229907	109.429436	0.005145	3.1
1754	-0.925806	109.394038	0.010973	2.0
1755	-0.864569	109.358669	0.044078	2.8
1756	0.000000	109.323331	0.000000	1.5
1757	-0.714008	109.288024	0.018780	2.3
1758	-1.207802	109.252747	0.041593	2.0
1759	-1.003166	109.217501	0.027287	1.8
1760	-0.423232	109.182284	0.018372	2.9
1761	0.000000	109.147098	0.000000	2.5
1762	-1.176489	109.111942	0.034317	1.6
1763	-0.610520	109.076817	0.007113	2.7
1764	-0.577337	109.041721	0.006758	1.5
1765	-0.000000	109.006656	0.000000	2.5
1766	-0.331350	108.971620	0.008163	1.9
1767	-0.897360	108.936615	0.007743	1.9
1768	0.000000	108.901640	0.000000	2.2
1769	-0.728283	108.866694	0.012945	2.0
1770	-0.822086	108.831779	0.012460	1.8
1771	0.000000	108.796893	0.000000	1.8
1772	-0.691449	108.762037	0.008706	1.7
1773	-0.008439	108.727211	0.000028	2.4
1774	-0.802534	108.692415	0.006135	2.7
1775	-0.000000	108.657648	0.000000	1.4
1776	-0.098255	108.622911	0.003785	1.8
1777	-0.612272	108.588203	0.012207	1.5
1778	-0.911817	108.553525	0.008501	2.6
1779	-0.494109	108.518877	0.007925	2.9
1780	-0.803921	108.484258	0.007645	1.7
1781	-0.882567	108.449668	0.008103	2.2
1782	-0.043059	108.415108	0.008149	1.5
1783	-1.021083	108.380578	0.016863	1.7
1784	-0.404848	108.346076	0.010511	2.2
1785	-0.757985	108.311604	0.020615	2.6
1786	-1.172041	108.277161	0.015107	1.4
1787	-0.508200	108.242747	0.004968	2.0
1788	-1.006917	108.208363	0.017073	2.9
1789	-0.875083	108.174007	0.020431	3.1
1790	-0.535880	108.139681	0.016023	2.1
1791	-0.034855	108.105383	0.002151	1.6
1792	-0.704040	108.071115	0.027277	2.6
1793	-0.868956	108.036875	0.019562	1.5
1794	-0.634196	108.002665	0.011336	2.5
1795	-0.821131	107.968483	0.005836	1.9
1796	-0.801170	107.934330	0.010990	1.6
1797	-0.733243	107.900206	0.008058	2.6
1798	0.000000	107.866111	0.000000	1.9
1799	-0.783548	107.832044	0.017143	1.4
1800	-0.820854	107.798007	0.007529	2.3
1801	-0.568547	107.763997	0.011686	1.7
1802	-0.426457	107.730017	0.007911	1.9
1803	-1.267236	107.696065	0.041284	1.8
1804	-0.502986	107.662141	0.009726	1.7
1805	-0.312689	107.628246	0.002942	3.1
1806	-0.000000	107.594379	0.000000	2.5
1807	-0.688726	107.560541	0.006414	2.0
1808	-0.082438	107.526731	0.002304	2.2
1809	-0.000735	107.492949	0.000123	1.4
1810	-0.422066	107.459196	0.007200	2.6
1811	-0.011808	107.425471	0.002403	3.0
1812	-1.015724	107.391774	0.022167	1.4
1813	-1.060787	107.358106	0.016126	3.7
1814	-0.998919	107.324465	0.067715	1.9
1815	-0.534463	107.290853	0.011188	2.2
1816	-1.081995	107.257268	0.028539	1.7
1817	-0.000000	107.223712	0.000000	1.7
1818	-0.000000	107.190184	0.000000	2.7
1819	-1.074918	107.156683	0.032007	1.5
1820	-0.245360	107.123211	0.004777	2.4
1821	-0.151221	107.089766	0.006144	1.8
1822	-0.509313	107.056349	0.016855	2.8
1823	-0.363933	107.022960	0.004655	1.6
1824	-0.012791	106.989599	0.000967	2.6
1825	-0.142252	106.956265	0.001887	1.5
1826	-0.801294	106.922960	0.007091	2.3
1827	-1.144761	106.889681	0.023385	2.8
1828	0.000000	106.856431	0.000000	1.3
1829	-0.001068	106.823208	0.000168	1.5
1830	-0.016047	106.790012	0.001100	1.8
1831	-0.754288	106.756844	0.011305	2.6
1832	-0.000062	106.723703	0.000033	1.4
1833	-0.912960	106.690590	0.061348	2.1
1834	-0.888967	106.657505	0.011734	1.5
1835	-0.863782	106.624446	0.007620	2.9
1836	-0.644579	106.591415	0.020783	2.5
1837	-0.040292	106.558411	0.001196	2.9
1838	-0.678106	106.525435	0.004224	1.5
1839	-1.118248	106.492485	0.039592	2.6
1840	-0.877810	106.459563	0.017677	3.1
1841	-0.000000	106.426668	0.000000	2.3
1842	-0.790890	106.393800	0.012438	1.9
1843	-0.060504	106.360959	0.004208	1.4
1844	-0.484481	106.328145	0.007046	2.5
1845	-0.315308	106.295358	0.001825	2.8
1846	-0.970784	106.262598	0.013353	1.5
1847	-0.586378	106.229865	0.008991	2.5
1848	-0.095326	106.197158	0.002670	2.6
1849	-0.023243	106.164479	0.001363	1.6
1850	-0.775623	106.131826	0.009274	2.3
1851	0.000000	106.099201	0.000000	2.5
1852	-1.160785	106.066602	0.033502	2.4
1853	-0.150636	106.034029	0.002045	1.8
1854	-0.977072	106.001483	0.035855	1.4
1855	-0.000000	105.968964	0.000000	2.0
1856	-0.842289	105.936472	0.009633	1.7
1857	-0.002936	105.904006	0.000119	2.4
1858	-0.684027	105.871566	0.016395	1.7
1859	-0.901295	105.839153	0.012090	2.1
1860	-0.896036	105.806767	0.010873	2.8
1861	-0.739453	105.774407	0.020712	2.7
1862	-0.001537	105.742073	0.000853	2.6
1863	-0.000000	105.709766	0.000000	3.8
1864	-0.258297	105.677485	0.007943	2.2
1865	-0.538080	105.645230	0.007358	2.8
1866	-0.605734	105.613001	0.012004	3.3
1867	-0.126864	105.580799	0.006895	2.6
1868	-1.011284	105.548623	0.012702	3.2
1869	-0.000000	105.516473	0.000000	2.9
1870	-0.000000	105.484349	0.000000	2.7
1871	-0.984371	105.452251	0.038353	1.7
1872	0.000000	105.420179	0.000000	2.4
1873	-0.786097	105.388133	0.009186	1.8
1874	-0.000000	105.356113	0.000000	1.7
1875	-0.702192	105.324119	0.026964	2.0
1876	-0.000000	105.292151	0.000000	1.3
1877	-0.626726	105.260209	0.022022	3.0
1878	-0.029110	105.228293	0.000293	2.4
1879	-0.863489	105.196402	0.024673	2.1
1880	-0.000000	105.164537	0.000000	1.3
1881	-0.577911	105.132698	0.015798	2.6
1882	-0.000000	105.100885	0.000000	1.5
1883	-0.499933	105.069097	0.008685	1.7
1884	-0.000081	105.037335	0.000029	2.1
1885	-0.895099	105.005598	0.006305	1.4
1886	-0.644451	104.973887	0.005274	2.8
1887	-1.156934	104.942202	0.062406	2.8
1888	-0.000000	104.910542	0.000000	2.3
1889	-0.681170	104.878907	0.004190	1.4
1890	0.000000	104.847298	0.000000	2.4
1891	-0.846979	104.815715	0.020383	1.4
1892	-0.001373	104.784156	0.000032	2.9
1893	-0.377020	104.752623	0.009611	1.4
1894	0.000000	104.721116	0.000000	3.0
1895	-0.534655	104.689633	0.006329	2.3
1896	-0.000000	104.658176	0.000000	1.8
1897	-0.322447	104.626744	0.002200	1.6
1898	-1.061896	104.595337	0.057562	2.6
1899	-0.826205	104.563955	0.063396	1.9
1900	-0.769273	104.532599	0.032510	1.5
1901	-0.743377	104.501267	0.021614	1.8
1902	0.000000	104.469960	0.000000	2.9
1903	-1.020864	104.438679	0.018728	2.9
1904	-0.744971	104.407422	0.032814	2.2
1905	-0.916224	104.376191	0.006252	2.1
1906	-0.297509	104.344984	0.001377	2.8
1907	-0.634493	104.313802	0.025162	2.4
1908	-0.000000	104.282645	0.000000	1.8
1909	-1.010004	104.251513	0.019579	1.6
1910	-0.000000	104.220405	0.000000	2.9
1911	-1.109283	104.189323	0.020357	2.9
1912	-0.360167	104.158265	0.003317	1.8
1913	-0.885127	104.127231	0.010127	2.2
1914	-0.473181	104.096222	0.008594	2.8
1915	-0.081878	104.065238	0.003050	2.8
1916	-0.597323	104.034279	0.009177	1.7
1917	-1.101299	104.003344	0.014055	1.8
1918	-1.098021	103.972433	0.019926	3.0
1919	-0.000000	103.941547	0.000000	2.1
1920	-0.384714	103.910686	0.005533	1.9
1921	-0.016767	103.879849	0.001887	2.6
1922	-0.000000	103.849036	0.000000	2.5
1923	-0.853930	103.818248	0.018159	1.5
1924	-1.010878	103.787484	0.006575	2.0
1925	-1.232011	103.756744	0.029838	2.5
1926	-0.000000	103.726029	0.000000	1.1
1927	-0.941615	103.695338	0.017158	2.8
1928	-0.703017	103.664671	0.014204	1.9
1929	-0.000000	103.634028	0.000000	1.8
1930	-1.072966	103.603409	0.013489	2.5
1931	0.000000	103.572814	0.000000	1.8
1932	-0.005616	103.542244	0.001937	1.4
1933	-0.889018	103.511698	0.020641	2.2
1934	-0.000008	103.481175	0.000003	2.1
1935	-0.000000	103.450677	0.000000	2.7
1936	-0.564340	103.420202	0.007092	2.3
1937	-0.537433	103.389752	0.012758	1.8
1938	-0.558164	103.359325	0.013702	1.7
1939	0.000000	103.328922	0.000000	1.6
1940	0.000000	103.298543	0.000000	2.6
1941	-0.352102	103.268188	0.009409	1.6
1942	-0.105812	103.237857	0.002479	2.2
1943	-0.745799	103.207549	0.010608	2.5
1944	-0.450546	103.177265	0.009467	1.5
1945	-0.507260	103.147005	0.016334	2.5
1946	-0.000000	103.116768	0.000000	3.0
1947	-0.043654	103.086556	0.000617	2.3
1948	-1.131690	103.056366	0.012937	1.7
1949	0.000000	103.026200	0.000000	2.4
1950	-0.633739	102.996058	0.018873	1.4
1951	-0.779590	102.965939	0.013472	2.9
1952	-0.428469	102.935844	0.013294	2.4
1953	-0.846028	102.905772	0.033296	1.6
1954	-0.166360	102.875724	0.005311	2.0
1955	-0.803330	102.845699	0.025525	2.1
1956	-0.763164	102.815697	0.035626	3.0
1957	-0.927249	102.785719	0.007899	1.8
1958	-0.692263	102.755764	0.018405	2.0
1959	-1.043229	102.725832	0.063026	1.6
1960	-0.169818	102.695924	0.002907	1.9
1961	-0.466527	102.666038	0.012269	2.2
1962	-0.336400	102.636176	0.008105	2.7
1963	-0.961038	102.606337	0.012401	2.1
1964	-1.013311	102.576521	0.024888	2.1
1965	-1.076054	102.546728	0.025093	2.5
1966	-0.694923	102.516959	0.017055	2.6
1967	-1.247338	102.487212	0.028496	2.1
1968	-0.553655	102.457488	0.020256	1.9
1969	-1.190596	102.427788	0.041597	2.7
1970	-0.161866	102.398110	0.003620	3.3
1971	-0.000000	102.368455	0.000000	2.8
1972	-0.736850	102.338823	0.008692	3.2
1973	-0.435150	102.309214	0.005068	2.9
1974	-0.339626	102.279628	0.003790	1.8
1975	-1.091567	102.250064	0.013140	3.4
1976	-1.297443	102.220524	0.018719	2.1
1977	0.000000	102.191006	0.000000	1.6
1978	-0.000000	102.161511	0.000000	2.1
1979	-0.753486	102.132038	0.005404	2.1
1980	-0.976110	102.102588	0.057408	2.1
1981	-0.841007	102.073161	0.046846	3.1
1982	-0.000000	102.043757	0.000000	1.7
1983	-1.182098	102.014375	0.048458	2.9
1984	-0.869157	101.985015	0.011076	1.8
1985	-0.263934	101.955678	0.006651	2.0
1986	-0.793306	101.926364	0.015240	2.2
1987	-0.711740	101.897072	0.011869	2.0
1988	0.000000	101.867802	0.000000	1.6
1989	-0.952421	101.838555	0.011623	2.4
1990	-1.113929	101.809330	0.068930	1.5
1991	-0.781947	101.780128	0.008681	2.9
1992	-0.398712	101.750948	0.002691	1.4
1993	-0.686030	101.721790	0.012612	3.0
1994	-0.000000	101.692654	0.000000	1.5
1995	-0.230753	101.663541	0.001525	3.5
1996	-0.733935	101.634450	0.033383	1.8
1997	-1.059626	101.605381	0.019745	1.8
1998	-1.108779	101.576335	0.069848	2.1
1999	-0.955377	101.547310	0.060193	1.6
