1:ItNr	2:Metric	3a:Time	3b:StepSize	4:||Gradient||	Time[ms]
0	-0.574265	0.000000	62.983711	0.012499	580.2
1	-0.583562	0.000000	62.983711	0.019140	1.0
2	-0.565169	1.000000	60.120815	0.016259	1.8
3	-0.545590	2.000000	57.506866	0.015145	0.9
4	-0.585752	1.493051	58.802958	0.015229	1.4
5	-0.575718	2.493051	56.299965	0.023288	1.1
6	-0.572092	3.493051	54.001355	0.020754	0.9
7	-0.563123	4.493051	51.883077	0.016691	1.3
8	-0.566491	5.493051	49.924712	0.015737	1.0
9	-0.554919	6.493051	48.108809	0.012965	0.9
10	-0.560284	5.987778	49.009515	0.023607	1.1
11	-0.574583	6.987778	47.258411	0.020909	0.8
12	-0.592527	7.987778	45.628124	0.021477	0.9
13	-0.578034	8.987778	44.106566	0.018440	0.9
14	-0.566364	9.987778	42.683213	0.018663	1.1
15	-0.596558	10.987778	41.348853	0.017110	1.1
16	-0.544684	11.987778	40.095393	0.014300	1.0
17	-0.592141	11.480829	40.721188	0.015339	1.1
18	-0.571738	12.480829	39.504934	0.013156	0.8
19	-0.585387	11.973879	40.112293	0.015906	0.9
20	-0.572823	12.973879	38.931613	0.017256	1.2
21	-0.551842	13.973879	37.818450	0.010148	0.9
22	-0.596732	13.467324	38.374256	0.021107	1.0
23	-0.560780	14.467324	37.292295	0.021301	1.1
24	-0.580012	15.467324	36.269673	0.014245	0.9
25	-0.563112	16.467324	35.301638	0.014997	1.5
26	-0.580090	17.185142	34.638026	0.013974	0.8
27	-0.551399	16.678668	35.103627	0.022694	1.4
28	-0.581502	17.678668	34.196056	0.022457	0.8
29	-0.552096	18.678668	33.334232	0.010084	1.8
30	-0.562178	18.327490	33.631892	0.013853	0.9
31	-0.598316	19.289447	32.828892	0.013811	1.0
32	-0.564990	20.289447	32.033801	0.015296	0.9
33	-0.580265	21.289447	31.276311	0.017875	1.0
34	-0.585597	22.289444	30.553821	0.016312	1.0
35	-0.560133	23.289444	29.863954	0.009655	1.2
36	-0.579955	22.784127	30.208617	0.012873	1.2
37	-0.561467	22.277280	30.562409	0.024794	0.9
38	-0.536561	23.277280	29.872159	0.016204	1.3
39	-0.562456	22.770331	30.218139	0.013563	1.0
40	-0.568896	23.770330	29.543180	0.017542	1.7
41	-0.545999	23.373293	29.807522	0.022299	1.3
42	-0.548504	24.373293	29.150583	0.013338	1.0
43	-0.570139	25.373293	28.521976	0.011218	1.2
44	-0.543740	24.866701	28.836997	0.012025	1.0
45	-0.563809	24.359778	29.159268	0.013170	1.3
46	-0.570965	24.296398	29.200069	0.010769	1.0
47	-0.587071	25.291418	28.572422	0.017280	0.9
48	-0.564195	25.561669	28.406583	0.012336	2.0
49	-0.563227	26.561669	27.809325	0.018811	0.8
50	-0.572749	26.054720	28.108932	0.027349	0.9
51	-0.552392	27.054720	27.523996	0.015776	0.8
52	-0.588736	28.054720	26.962909	0.020474	1.0
53	-0.570286	27.547770	27.244463	0.009990	1.1
54	-0.595100	28.539431	26.699094	0.020474	0.8
55	-0.576666	29.539431	26.170811	0.014596	1.4
56	-0.588405	30.539431	25.663029	0.027368	1.1
57	-0.548522	31.539431	25.174576	0.012011	1.2
58	-0.559138	32.539431	24.704370	0.013287	0.9
59	-0.561110	33.539431	24.251407	0.018270	1.0
60	-0.600019	34.539431	23.814754	0.016304	0.9
61	-0.554161	34.032482	24.034132	0.017525	0.9
62	-0.596068	33.526559	24.257132	0.016498	0.9
63	-0.583829	33.019609	24.484774	0.013066	1.0
64	-0.554425	34.019258	24.039909	0.013925	0.8
65	-0.560177	35.019251	23.610775	0.013726	1.2
66	-0.571849	36.019215	23.196705	0.016757	1.0
67	-0.580008	35.513921	23.404108	0.014966	0.8
68	-0.560865	36.271275	23.094613	0.015903	1.2
69	-0.589979	35.764326	23.300866	0.023674	1.0
70	-0.556315	36.764326	22.897487	0.021139	0.9
71	-0.591443	37.764326	22.507838	0.019772	1.2
72	-0.579347	38.764326	22.131228	0.019223	0.9
73	-0.578266	39.764326	21.767014	0.021419	1.1
74	-0.583854	40.764326	21.414593	0.019840	0.9
75	-0.583578	41.764326	21.073403	0.015450	1.5
76	-0.591744	41.258485	21.244621	0.024568	0.8
77	-0.562111	40.751536	21.419029	0.018497	1.0
78	-0.590936	41.751536	21.077698	0.013963	1.0
79	-0.562606	41.244589	21.249364	0.020410	0.8
80	-0.554235	40.737639	21.423850	0.023188	1.0
81	-0.574452	41.737639	21.082367	0.028561	0.9
82	-0.571657	42.737638	20.751599	0.020716	0.9
83	-0.589719	43.737638	20.431050	0.023341	0.9
84	-0.588583	44.730560	20.122420	0.011877	0.9
85	-0.569425	45.730560	19.820872	0.011486	0.8
86	-0.582119	46.730560	19.528230	0.027531	1.3
87	-0.570704	47.730560	19.244102	0.015291	0.9
88	-0.579370	48.730560	18.968124	0.018919	0.9
89	-0.570956	48.223611	19.107035	0.023992	0.9
90	-0.579082	47.716661	19.247994	0.016343	1.4
91	-0.560550	47.210548	19.390812	0.018156	0.9
92	-0.575138	48.210548	19.110641	0.008157	1.3
93	-0.574099	49.210542	18.838452	0.013234	0.9
94	-0.568443	48.703592	18.975463	0.015121	0.8
95	-0.548920	49.703415	18.707129	0.009889	1.2
96	-0.576749	50.696539	18.448002	0.017364	0.8
97	-0.573102	50.189594	18.579372	0.020407	0.9
98	-0.589457	51.189586	18.322005	0.015787	1.0
99	-0.539146	52.189586	18.071668	0.013147	1.0
100	-0.573091	53.189586	17.828081	0.021619	1.0
101	-0.570564	52.682636	17.950741	0.022254	1.0
102	-0.572687	53.682636	17.710381	0.021220	1.0
103	-0.561328	54.682636	17.476372	0.015745	1.0
104	-0.589199	55.682636	17.248467	0.017932	0.9
105	-0.549834	56.682636	17.026429	0.012736	1.0
106	-0.591143	57.680859	16.810415	0.016842	0.9
107	-0.574801	57.173910	16.919429	0.011874	0.9
108	-0.557344	56.692638	17.024237	0.014072	1.0
109	-0.562816	57.692638	16.807899	0.016056	0.9
110	-0.590719	58.692638	16.596990	0.017442	1.1
111	-0.552488	58.199769	16.700275	0.013183	1.1
112	-0.570564	57.692820	16.807860	0.019142	0.9
113	-0.582602	58.692820	16.596952	0.020641	1.0
114	-0.606413	58.185870	16.703206	0.013692	0.8
115	-0.606537	59.185870	16.494900	0.020527	1.2
116	-0.573897	60.185870	16.291726	0.012092	0.9
117	-0.584265	61.185870	16.093495	0.017067	1.0
118	-0.576107	62.178014	15.901533	0.008333	0.9
119	-0.588475	63.178014	15.712629	0.017464	1.0
120	-0.572157	62.671065	15.807829	0.023891	0.9
121	-0.571890	63.671065	15.621133	0.017863	0.9
122	-0.574932	63.164115	15.715224	0.017470	1.1
123	-0.576749	62.657166	15.810456	0.019719	0.9
124	-0.561860	63.657166	15.623697	0.011338	1.0
125	-0.574878	63.152249	15.717440	0.022503	1.0
126	-0.573993	62.658550	15.810194	0.017346	1.0
127	-0.562134	62.151601	15.906584	0.011291	1.2
128	-0.587940	61.644762	16.004135	0.010782	0.9
129	-0.544209	62.637894	15.814099	0.017133	0.8
130	-0.579106	63.619903	15.630577	0.018342	1.0
131	-0.565314	64.619903	15.448019	0.015595	1.1
132	-0.582858	65.619902	15.269677	0.017652	1.0
133	-0.571106	66.619902	15.095405	0.018450	1.1
134	-0.590302	67.619902	14.925066	0.018272	0.8
135	-0.584309	67.112953	15.010936	0.017047	0.9
136	-0.564625	67.080293	15.016502	0.010210	1.6
137	-0.572965	68.080293	14.847930	0.015214	0.8
138	-0.580176	67.573343	14.932912	0.012118	0.8
139	-0.542560	67.071781	15.017954	0.014035	1.7
140	-0.565771	66.605038	15.097966	0.013674	0.9
141	-0.599660	67.605038	14.927570	0.007082	0.9
142	-0.594487	67.378334	14.965862	0.021354	1.2
143	-0.580633	68.371584	14.799535	0.011951	1.1
144	-0.596374	67.864635	14.883963	0.017943	0.9
145	-0.559538	67.357746	14.969349	0.016696	1.0
146	-0.593802	68.357746	14.801827	0.011295	1.0
147	-0.572312	69.357746	14.638014	0.023500	0.8
148	-0.590641	68.850796	14.720603	0.021802	1.4
149	-0.593606	69.850796	14.558573	0.017338	0.9
150	-0.582210	70.850796	14.400070	0.017252	1.0
151	-0.597972	70.345385	14.479745	0.014912	1.0
152	-0.585470	71.345385	14.322946	0.016490	1.2
153	-0.554485	70.838435	14.402008	0.013564	0.9
154	-0.577210	70.331486	14.481949	0.016055	1.4
155	-0.563621	71.325215	14.326075	0.017073	1.2
156	-0.563502	72.325215	14.172568	0.021374	0.8
157	-0.575663	73.325215	14.022315	0.015993	1.4
158	-0.568579	74.293246	13.879871	0.019061	0.8
159	-0.558416	75.293246	13.735729	0.017473	1.8
160	-0.579698	76.293246	13.594550	0.016050	1.0
161	-0.574490	75.786297	13.665756	0.019023	0.8
162	-0.571981	75.279347	13.737712	0.012515	1.1
163	-0.593669	74.772404	13.810428	0.015920	0.9
164	-0.603694	74.265454	13.883920	0.012930	1.0
165	-0.567477	73.758505	13.958197	0.013485	1.0
166	-0.593741	74.758462	13.812439	0.019366	0.9
167	-0.573483	75.758462	13.669687	0.011624	0.9
168	-0.563714	76.758462	13.529856	0.024733	1.1
169	-0.578502	77.758462	13.392857	0.021305	0.9
170	-0.555013	78.758462	13.258604	0.013679	0.9
171	-0.566841	79.758462	13.127016	0.009897	1.2
172	-0.573100	80.333078	13.052578	0.016522	0.8
173	-0.582609	79.826802	13.118118	0.014145	1.0
174	-0.566205	80.826802	12.989291	0.023112	0.9
175	-0.593638	81.825833	12.863090	0.012253	1.1
176	-0.579689	81.381451	12.918921	0.015474	1.0
177	-0.576533	80.875714	12.983054	0.016371	0.9
178	-0.583468	81.875714	12.856853	0.016278	1.1
179	-0.555755	82.875595	12.733096	0.010834	0.8
180	-0.542989	82.368850	12.795517	0.013372	0.9
181	-0.578980	83.368850	12.672918	0.019143	0.9
182	-0.561245	83.729253	12.629307	0.010460	0.9
183	-0.548445	83.222303	12.690738	0.013367	1.0
184	-0.579867	84.221475	12.570228	0.010766	1.0
185	-0.591844	85.221456	12.451890	0.013148	0.9
186	-0.577087	86.221456	12.335758	0.008483	0.9
187	-0.566806	86.007746	12.360394	0.020015	1.0
188	-0.555951	85.644750	12.402466	0.015873	0.9
189	-0.595670	86.644750	12.287250	0.019731	1.0
190	-0.577801	87.644750	12.174154	0.018713	1.1
191	-0.542976	87.137801	12.231226	0.014184	0.8
192	-0.539788	86.630851	12.288836	0.015880	1.4
193	-0.557534	87.630851	12.175712	0.017557	0.9
194	-0.576545	87.123909	12.232798	0.012425	0.8
195	-0.618153	86.616960	12.290423	0.015451	1.1
196	-0.583391	86.110010	12.348593	0.017086	0.9
197	-0.600320	85.603061	12.407317	0.017674	0.8
198	-0.562201	85.096112	12.466601	0.015543	1.6
199	-0.564020	84.601251	12.525021	0.021662	0.9
200	-0.557782	85.601251	12.407527	0.014048	0.8
201	-0.575044	86.584155	12.294170	0.024999	1.3
202	-0.587747	86.077205	12.352376	0.021088	0.9
203	-0.584152	87.076440	12.238171	0.019039	0.8
204	-0.573456	88.076440	12.125973	0.015929	1.5
205	-0.574915	89.076440	12.015813	0.018629	1.0
206	-0.567539	88.569491	12.071407	0.016290	0.8
207	-0.554475	88.062546	12.127517	0.018910	1.5
208	-0.578253	87.921528	12.143219	0.012041	0.8
209	-0.584923	87.414578	12.200001	0.020238	1.5
210	-0.587434	86.907629	12.257316	0.018600	1.1
211	-0.578618	87.907629	12.144768	0.009060	0.9
212	-0.596897	88.907629	12.034269	0.015111	1.3
213	-0.608269	89.853378	11.931598	0.018265	1.0
214	-0.549664	90.853378	11.824926	0.012322	1.5
215	-0.544183	90.346429	11.878764	0.013406	1.0
216	-0.600970	91.334907	11.774238	0.026062	0.8
217	-0.585787	92.334907	11.670349	0.016349	1.0
218	-0.602697	91.827957	11.722785	0.023805	1.3
219	-0.596795	92.749962	11.627766	0.025564	0.8
220	-0.573922	92.243012	11.679819	0.010703	0.9
221	-0.596019	91.736063	11.732341	0.019564	0.9
222	-0.576552	92.736063	11.629187	0.015543	0.9
223	-0.568996	92.229119	11.681252	0.013558	1.2
224	-0.556706	93.223899	11.579520	0.016162	1.2
225	-0.547825	94.223899	11.479024	0.019305	0.8
226	-0.581678	95.223899	11.380258	0.020172	1.1
227	-0.548965	96.223899	11.283176	0.013310	0.9
228	-0.572294	97.177205	11.192158	0.017395	0.8
229	-0.576766	98.177203	11.098246	0.010010	1.0
230	-0.583633	99.177203	11.005897	0.015848	1.0
231	-0.582818	98.670254	11.052520	0.012878	0.9
232	-0.599207	99.670254	10.960928	0.012367	0.9
233	-0.599013	100.665214	10.871291	0.020329	1.2
234	-0.589184	101.665214	10.782665	0.012408	0.9
235	-0.587466	102.665214	10.695473	0.030272	1.0
236	-0.579143	102.158264	10.739498	0.011615	1.1
237	-0.582015	103.158264	10.652999	0.018260	0.9
238	-0.594545	104.158263	10.567883	0.011868	1.1
239	-0.558490	105.158262	10.484117	0.009978	1.0
240	-0.591298	104.651313	10.526415	0.019324	0.8
241	-0.561725	104.144484	10.569047	0.013000	1.3
242	-0.583108	105.144483	10.485262	0.014324	0.8
243	-0.591153	104.637534	10.527570	0.018751	1.5
244	-0.561439	105.637534	10.444438	0.016971	0.8
245	-0.582489	105.131234	10.486363	0.011538	1.0
246	-0.529125	106.131228	10.403879	0.014889	0.9
247	-0.549046	105.894540	10.423285	0.014748	0.9
248	-0.584252	105.387696	10.465085	0.014063	0.9
249	-0.582626	104.880747	10.507230	0.025243	0.9
250	-0.614656	104.373896	10.549707	0.010891	1.1
251	-0.575844	103.866946	10.592538	0.017617	0.8
252	-0.590751	103.359998	10.635718	0.022087	1.3
253	-0.593054	102.853048	10.679252	0.021543	1.0
254	-0.579476	103.853048	10.593717	0.019036	1.1
255	-0.584378	103.346520	10.636871	0.020557	0.9
256	-0.570076	104.346520	10.552011	0.029495	1.2
257	-0.592775	103.839571	10.594861	0.012891	0.8
258	-0.594826	104.839571	10.510668	0.014526	1.4
259	-0.561560	104.332621	10.553182	0.012982	0.9
260	-0.580670	105.314129	10.471180	0.017906	0.8
261	-0.584154	106.304896	10.389686	0.008985	1.9
262	-0.560468	107.285801	10.310244	0.009264	0.9
263	-0.585108	106.778853	10.351149	0.013581	1.2
264	-0.608418	106.271904	10.392379	0.021456	0.9
265	-0.557926	105.764955	10.433940	0.023510	0.8
266	-0.607213	106.764955	10.352275	0.010235	1.0
267	-0.574961	106.380571	10.383514	0.012793	1.0
268	-0.587280	106.328006	10.387801	0.026341	0.8
269	-0.557602	105.821056	10.429324	0.019793	1.0
270	-0.584340	106.821056	10.347731	0.014082	0.8
271	-0.594091	107.821056	10.267405	0.018794	0.9
272	-0.575157	107.314137	10.307967	0.011756	1.1
273	-0.570293	108.312514	10.228383	0.026732	1.0
274	-0.585708	109.312514	10.149892	0.013042	0.8
275	-0.568204	110.312513	10.072596	0.022184	1.2
276	-0.556551	111.312513	9.996469	0.013632	0.8
277	-0.559382	112.312513	9.921484	0.008473	1.1
278	-0.570657	111.906631	9.951783	0.011370	0.9
279	-0.565276	112.904615	9.877613	0.017180	0.8
280	-0.560913	112.397671	9.915150	0.012358	1.6
281	-0.546027	111.890721	9.952974	0.020854	0.9
282	-0.558697	111.392167	9.990455	0.018087	0.8
283	-0.560216	110.885218	10.028857	0.011721	2.0
284	-0.539696	110.378268	10.067555	0.016655	0.9
285	-0.574918	111.364134	9.992570	0.015745	1.0
286	-0.577519	110.866501	10.030280	0.018568	1.0
287	-0.569760	110.362405	10.068771	0.018916	0.9
288	-0.546313	109.855455	10.107778	0.014645	0.8
289	-0.570468	110.855384	10.031126	0.015994	1.7
290	-0.576607	110.870990	10.029939	0.008844	0.9
291	-0.527770	111.781893	9.961132	0.016055	0.8
292	-0.557308	112.781824	9.886679	0.012066	1.7
293	-0.562555	112.274885	9.924285	0.014305	0.9
294	-0.593135	113.274758	9.850384	0.021843	1.0
295	-0.545234	114.274758	9.777566	0.026798	1.0
296	-0.583513	113.775815	9.813763	0.018110	0.9
297	-0.568604	113.270372	9.850706	0.012373	1.0
298	-0.572449	112.763423	9.888039	0.009904	0.9
299	-0.553009	112.257203	9.925602	0.016487	1.0
300	-0.615115	111.750345	9.963499	0.010556	1.1
301	-0.582405	112.750345	9.889006	0.020612	0.9
302	-0.564636	112.243395	9.926630	0.011452	0.8
303	-0.574145	111.736446	9.964542	0.011375	1.2
304	-0.597084	112.736446	9.890033	0.015971	1.1
305	-0.578842	112.230085	9.927622	0.016362	1.0
306	-0.572024	113.230085	9.853662	0.014870	1.1
307	-0.581660	114.230085	9.780796	0.010482	0.9
308	-0.557657	113.740262	9.816353	0.015484	1.0
309	-0.555171	114.740262	9.744035	0.017810	1.0
310	-0.599447	115.740262	9.672776	0.017206	0.8
311	-0.535293	115.233320	9.708770	0.012544	1.3
312	-0.595318	114.727379	9.744960	0.016865	0.9
313	-0.579571	115.727379	9.673687	0.010141	1.0
314	-0.614380	116.617075	9.611147	0.011825	1.1
315	-0.550840	117.606441	9.542543	0.013667	0.8
316	-0.574119	118.606436	9.474190	0.026975	1.1
317	-0.569509	119.606436	9.406809	0.021044	1.3
318	-0.594990	119.099486	9.440848	0.020274	0.8
319	-0.584883	120.099486	9.373939	0.023165	1.1
320	-0.598129	119.592537	9.407739	0.024420	1.4
321	-0.594480	120.592537	9.341297	0.015131	0.8
322	-0.569612	121.592537	9.275786	0.016616	1.1
323	-0.588167	122.146701	9.239877	0.018069	0.9
324	-0.570726	121.639751	9.272716	0.012189	1.0
325	-0.607574	122.639751	9.208161	0.007563	1.0
326	-0.548354	122.139902	9.240316	0.012825	1.2
327	-0.567716	123.139901	9.176209	0.015368	0.8
328	-0.578758	122.632952	9.208597	0.009812	0.8
329	-0.582560	123.631518	9.145019	0.011579	1.9
330	-0.558393	124.631518	9.082223	0.014420	0.9
331	-0.567169	125.631518	9.020284	0.015556	1.0
332	-0.593527	125.131621	9.051141	0.012642	0.9
333	-0.579961	126.131621	8.989624	0.014768	1.1
334	-0.548944	125.831784	9.007981	0.013191	0.8
335	-0.540081	125.324835	9.039190	0.016273	1.0
336	-0.552934	126.186291	8.986285	0.019665	1.0
337	-0.545140	127.186291	8.925643	0.010899	0.9
338	-0.583138	128.186277	8.865815	0.019249	1.1
339	-0.562764	127.679327	8.896045	0.013758	1.0
340	-0.589445	128.679327	8.836611	0.026840	1.2
341	-0.581589	129.561572	8.784831	0.012275	1.1
342	-0.573801	129.054623	8.814510	0.010660	0.8
343	-0.565486	130.054621	8.756157	0.008916	0.8
344	-0.562973	131.054621	8.698571	0.014693	1.0
345	-0.577212	130.547674	8.727669	0.007742	0.9
346	-0.563401	130.064079	8.755608	0.015845	1.2
347	-0.565473	130.964457	8.703732	0.015225	1.1
348	-0.565214	130.457507	8.732865	0.009367	0.8
349	-0.582853	131.457507	8.675584	0.017290	1.0
350	-0.594691	132.457507	8.619050	0.011404	0.9
351	-0.540797	133.457507	8.563248	0.022830	1.1
352	-0.575051	132.950603	8.591444	0.024378	0.8
353	-0.557530	132.443654	8.619828	0.021605	0.9
354	-0.572068	133.443654	8.564016	0.015748	1.0
355	-0.566247	132.936705	8.592219	0.019764	0.9
356	-0.562126	132.429756	8.620609	0.019675	0.9
357	-0.569769	133.429756	8.564787	0.018813	1.1
358	-0.579781	132.922806	8.592995	0.019097	0.9
359	-0.559509	133.922800	8.537529	0.016417	0.8
360	-0.576573	133.420319	8.565310	0.008725	1.4
361	-0.556518	132.920093	8.593147	0.013865	0.8
362	-0.588835	133.235336	8.575583	0.011174	1.1
363	-0.557633	134.235326	8.520341	0.013717	1.2
364	-0.581389	134.858388	8.486280	0.024241	0.8
365	-0.590610	134.351439	8.513973	0.011526	1.2
366	-0.574036	135.205196	8.467439	0.017236	0.8
367	-0.578492	136.205196	8.413576	0.019894	0.9
368	-0.558153	137.205196	8.360395	0.015905	1.2
369	-0.580500	136.727960	8.385691	0.022471	0.9
370	-0.575204	136.221011	8.412730	0.014419	1.0
371	-0.608273	137.221011	8.359559	0.016954	0.9
372	-0.585874	136.714062	8.386430	0.015091	1.0
373	-0.592739	136.207112	8.413474	0.012088	1.2
374	-0.576689	137.207112	8.360294	0.008942	0.9
375	-0.540377	136.700288	8.387162	0.013224	1.2
376	-0.587182	136.193376	8.414209	0.019595	0.9
377	-0.568488	135.686427	8.441433	0.018297	1.9
378	-0.605971	136.686427	8.387900	0.014236	0.8
379	-0.602031	137.676665	8.335554	0.022771	0.9
380	-0.566710	138.676665	8.283351	0.014917	0.9
381	-0.594633	139.676665	8.231798	0.022841	1.0
382	-0.570364	140.676665	8.180883	0.024414	1.1
383	-0.574477	141.676665	8.130594	0.013309	1.2
384	-0.581249	142.676665	8.080919	0.013102	1.0
385	-0.550112	143.663467	8.032492	0.015845	0.8
386	-0.575333	143.219429	8.054211	0.016222	1.0
387	-0.585084	142.712479	8.079151	0.013713	1.1
388	-0.550452	143.712479	8.030101	0.013129	0.9
389	-0.560726	143.205530	8.054893	0.009722	0.8
390	-0.569255	144.205530	8.006136	0.017709	1.0
391	-0.568235	144.383370	7.997527	0.010877	1.3
392	-0.575963	143.876429	8.022116	0.011551	1.3
393	-0.572984	144.876429	7.973754	0.011527	0.9
394	-0.589484	145.876429	7.925972	0.017079	0.9
395	-0.567647	145.369840	7.950106	0.013232	0.9
396	-0.585748	144.862891	7.974405	0.025228	0.9
397	-0.591210	144.356968	7.998804	0.010562	0.8
398	-0.571456	143.850339	8.023386	0.011490	1.6
399	-0.561105	144.850339	7.975009	0.014967	0.9
400	-0.577285	144.344028	7.999430	0.007812	0.8
401	-0.580529	145.340949	7.951487	0.023301	0.8
402	-0.597947	144.847204	7.975160	0.014157	1.0
403	-0.572583	144.510107	7.991403	0.012733	0.9
404	-0.592911	145.510106	7.943409	0.013880	1.8
405	-0.557297	146.484269	7.897207	0.019617	1.1
406	-0.570235	145.977320	7.921183	0.011712	1.0
407	-0.575728	146.977320	7.874027	0.021708	0.9
408	-0.563400	147.851035	7.833283	0.011248	1.0
409	-0.587949	147.344086	7.856872	0.013870	1.1
410	-0.594831	146.837138	7.880603	0.011402	0.9
411	-0.582498	146.340038	7.904014	0.013899	1.0
412	-0.559373	146.682480	7.887872	0.018061	1.1
413	-0.569405	146.175531	7.911791	0.023713	0.8
414	-0.556789	147.175531	7.864747	0.010242	2.0
415	-0.595932	148.175531	7.818258	0.013041	0.9
416	-0.575633	147.724358	7.839164	0.014343	0.9
417	-0.591050	148.723548	7.793014	0.014300	0.9
418	-0.556560	148.216598	7.816360	0.010473	0.9
419	-0.555284	147.713240	7.839681	0.021835	1.1
420	-0.569792	147.206291	7.863308	0.014885	0.8
421	-0.575892	146.699656	7.887064	0.009340	0.9
422	-0.583513	147.699656	7.840312	0.015682	1.4
423	-0.586748	147.192707	7.863943	0.019571	0.9
424	-0.569669	146.686305	7.887692	0.015055	1.1
425	-0.572270	146.179356	7.911610	0.011981	0.9
426	-0.573048	147.178516	7.864607	0.015813	1.1
427	-0.582848	148.178516	7.818120	0.014495	0.9
428	-0.592995	149.178514	7.772179	0.010373	1.1
429	-0.570029	148.805393	7.789257	0.018447	0.8
430	-0.590470	148.298444	7.812582	0.013526	1.2
431	-0.588462	147.883702	7.831768	0.011071	0.8
432	-0.576385	147.376752	7.855348	0.015117	1.0
433	-0.601245	146.870007	7.879060	0.008341	0.8
434	-0.578136	146.374279	7.902397	0.014672	1.2
435	-0.567392	145.867329	7.926404	0.014663	0.9
436	-0.577821	145.499564	7.943912	0.011582	0.9
437	-0.570067	146.366470	7.902765	0.014380	1.7
438	-0.600652	147.280964	7.859819	0.014706	1.1
439	-0.633687	148.131696	7.820284	0.016679	0.8
440	-0.562326	149.131657	7.774320	0.011111	0.8
441	-0.578926	150.131657	7.728891	0.011157	1.7
442	-0.560783	151.131590	7.683993	0.015449	0.9
443	-0.555607	152.131191	7.639628	0.018032	0.8
444	-0.569195	151.624242	7.662064	0.017182	1.0
445	-0.577786	152.624242	7.617933	0.027500	1.1
446	-0.558637	153.624242	7.574309	0.011766	1.9
447	-0.572891	154.624239	7.531181	0.013245	1.1
448	-0.576998	154.940201	7.517656	0.016365	2.1
449	-0.570697	155.940198	7.475169	0.021825	1.4
450	-0.582620	155.433249	7.496648	0.015534	0.9
451	-0.583451	154.926299	7.518250	0.014852	1.2
452	-0.603552	154.419350	7.539977	0.011576	1.0
453	-0.557835	155.419350	7.497238	0.015466	1.6
454	-0.588450	154.920524	7.518497	0.014510	1.1
455	-0.582092	154.413575	7.540226	0.009869	0.8
456	-0.576724	155.413575	7.497484	0.015325	1.5
457	-0.553659	156.413575	7.455224	0.012303	1.0
458	-0.607192	155.906625	7.476588	0.020512	0.8
459	-0.545146	155.399676	7.498075	0.014439	0.9
460	-0.624008	154.892727	7.519685	0.010952	0.9
461	-0.621972	155.892713	7.477176	0.012631	0.9
462	-0.559064	156.891244	7.435205	0.016081	0.9
463	-0.589161	157.891244	7.393643	0.011608	1.0
464	-0.591045	158.891244	7.352542	0.017079	0.8
465	-0.570390	159.884715	7.312160	0.009950	1.1
466	-0.571822	160.884715	7.271958	0.012946	1.2
467	-0.594003	161.884689	7.232196	0.022393	0.8
468	-0.564131	161.377740	7.252299	0.020111	1.0
469	-0.570263	162.377740	7.212751	0.008095	1.1
470	-0.564101	161.870791	7.232746	0.017034	0.8
471	-0.566419	162.870786	7.193410	0.015813	1.3
472	-0.587526	162.397420	7.211977	0.016768	0.8
473	-0.584099	163.397419	7.172866	0.018396	1.6
474	-0.562659	162.890470	7.192640	0.016862	1.1
475	-0.559757	162.383520	7.212523	0.018785	0.8
476	-0.564385	161.876571	7.232517	0.010972	0.8
477	-0.560754	161.369622	7.252622	0.013039	2.0
478	-0.541709	162.369558	7.213073	0.019557	0.9
479	-0.593851	161.862608	7.233069	0.023113	0.9
480	-0.585787	161.355742	7.253174	0.012228	1.0
481	-0.583714	162.349715	7.213853	0.009743	0.9
482	-0.573250	163.342323	7.175010	0.013511	1.1
483	-0.525517	164.342147	7.136304	0.013660	0.9
484	-0.564362	165.342126	7.098008	0.011744	1.1
485	-0.554237	166.342126	7.060120	0.018810	0.9
486	-0.556931	167.342119	7.022635	0.012757	1.0
487	-0.598977	166.835170	7.041588	0.016144	1.0
488	-0.559593	167.835170	7.004299	0.015770	0.9
489	-0.550347	167.328221	7.023153	0.014442	1.0
490	-0.606682	166.821271	7.042109	0.014606	0.9
491	-0.571101	166.669849	7.047791	0.015440	1.0
492	-0.575416	167.669849	7.010436	0.014390	0.9
493	-0.581320	167.162926	7.029323	0.012313	1.0
494	-0.592347	166.655977	7.048312	0.027447	1.1
495	-0.571438	166.149027	7.067405	0.019369	0.8
496	-0.558677	167.149027	7.029842	0.021584	1.0
497	-0.614284	168.149027	6.992676	0.021954	1.0
498	-0.589592	169.149027	6.955902	0.023592	0.9
499	-0.551927	168.642078	6.974496	0.015571	1.2
500	-0.583495	168.135436	6.993179	0.013389	0.8
501	-0.577652	169.067406	6.958889	0.013545	1.3
502	-0.561325	170.067406	6.922468	0.009751	0.8
503	-0.571282	171.067406	6.886426	0.018252	1.1
504	-0.569289	172.058158	6.851085	0.013087	0.9
505	-0.554720	173.058156	6.815781	0.011863	0.8
506	-0.540734	173.707602	6.793047	0.013567	1.1
507	-0.538986	173.200653	6.810780	0.015753	1.0
508	-0.560194	174.200343	6.775900	0.015828	0.8
509	-0.562791	173.693394	6.793543	0.020525	1.0
510	-0.575057	173.840540	6.788412	0.020666	0.9
511	-0.575087	174.840540	6.753749	0.018569	1.1
512	-0.575604	175.840540	6.719439	0.013039	0.9
513	-0.571288	175.333590	6.736789	0.014684	1.3
514	-0.562718	174.826645	6.754229	0.011646	1.0
515	-0.573484	175.826628	6.719914	0.021925	0.8
516	-0.540442	175.319678	6.737266	0.011691	1.2
517	-0.570912	174.812729	6.754709	0.022784	0.8
518	-0.546639	175.812689	6.720389	0.017412	0.8
519	-0.596560	175.305740	6.737745	0.016007	1.1
520	-0.560361	174.799244	6.755174	0.017213	0.9
521	-0.608119	174.292295	6.772709	0.014843	2.0
522	-0.597499	175.292295	6.738206	0.012060	0.9
523	-0.573614	176.025336	6.713136	0.011995	0.9
524	-0.584555	177.006418	6.679874	0.015129	1.2
525	-0.589262	176.499470	6.697020	0.018955	0.9
526	-0.564372	175.992627	6.714251	0.017694	0.9
527	-0.577611	176.992627	6.680339	0.015132	1.0
528	-0.557356	176.485678	6.697488	0.013591	0.9
529	-0.546864	177.116207	6.676172	0.013984	0.8
530	-0.591310	178.073176	6.644079	0.013925	1.7
531	-0.563827	177.567085	6.661013	0.011395	1.0
532	-0.589375	178.540447	6.628520	0.013262	1.2
533	-0.566921	179.540447	6.595467	0.014760	0.9
534	-0.571166	180.540447	6.562742	0.014614	0.9
535	-0.559885	180.572717	6.561691	0.015601	0.9
536	-0.561062	181.572717	6.529299	0.021924	0.9
537	-0.566876	181.441961	6.533517	0.016549	0.9
538	-0.567824	180.935012	6.549919	0.010116	1.0
539	-0.550254	181.935012	6.517643	0.017463	1.1
540	-0.550545	182.158052	6.510487	0.018379	0.9
541	-0.572096	181.651214	6.526770	0.015074	1.1
542	-0.587991	182.651214	6.494722	0.021076	0.9
543	-0.550363	182.144265	6.510929	0.017663	1.1
544	-0.583645	183.144265	6.479035	0.014818	0.9
545	-0.569564	182.637320	6.495165	0.013629	1.1
546	-0.562716	183.637132	6.463431	0.008054	0.9
547	-0.581876	184.558897	6.434447	0.011867	0.9
548	-0.585071	184.062340	6.450028	0.021473	1.0
549	-0.567332	185.053660	6.418997	0.011850	1.0
550	-0.587373	186.053660	6.387996	0.017771	0.8
551	-0.576408	185.547893	6.403638	0.021212	1.2
552	-0.562246	185.040944	6.419394	0.012724	0.9
553	-0.588538	186.040927	6.388389	0.023737	1.0
554	-0.587782	187.040927	6.357681	0.020742	1.0
555	-0.607342	186.533977	6.373211	0.012524	1.0
556	-0.580708	186.470305	6.375167	0.016534	0.9
557	-0.594391	185.963356	6.390783	0.016405	1.1
558	-0.619346	186.963356	6.360053	0.016269	0.9
559	-0.563292	186.456406	6.375594	0.015849	1.0
560	-0.591964	185.949457	6.391212	0.014772	0.9
561	-0.563746	185.442508	6.406907	0.014780	0.9
562	-0.580772	184.935559	6.422679	0.015173	1.1
563	-0.569537	185.935558	6.391642	0.012867	0.9
564	-0.545478	185.456426	6.406475	0.014780	0.8
565	-0.547540	184.949476	6.422245	0.012794	0.9
566	-0.604614	185.947306	6.391279	0.013263	1.1
567	-0.548993	185.440489	6.406970	0.011266	0.9
568	-0.567777	186.440489	6.376084	0.016622	1.1
569	-0.549021	187.440026	6.345508	0.016994	0.9
570	-0.617967	186.933076	6.360979	0.019959	1.1
571	-0.622460	187.933076	6.330534	0.012403	0.9
572	-0.566224	187.426127	6.345931	0.014125	0.8
573	-0.559669	188.426127	6.315630	0.006942	1.6
574	-0.598541	187.919178	6.330955	0.016418	1.0
575	-0.568826	187.437569	6.345583	0.026491	1.0
576	-0.554375	186.930619	6.361054	0.015444	1.0
577	-0.568753	186.423670	6.376601	0.020971	0.8
578	-0.557876	187.423670	6.346006	0.015818	1.2
579	-0.594413	188.423670	6.315704	0.015596	0.9
580	-0.554701	187.916743	6.331029	0.020131	0.9
581	-0.559326	187.409793	6.346429	0.015509	1.0
582	-0.557980	186.902844	6.361904	0.013681	1.2
583	-0.581083	187.902844	6.331450	0.009922	0.8
584	-0.573221	188.659222	6.308608	0.014515	1.0
585	-0.584568	188.800533	6.304359	0.013014	1.0
586	-0.571103	189.800531	6.274453	0.014530	0.8
587	-0.542987	190.800531	6.244828	0.013687	1.0
588	-0.561849	190.293582	6.259811	0.016219	0.9
589	-0.556037	189.786633	6.274866	0.013285	0.9
590	-0.592613	190.786620	6.245238	0.015877	1.1
591	-0.585832	190.280485	6.260199	0.010837	1.0
592	-0.605214	189.773536	6.275256	0.021085	0.8
593	-0.577569	189.604355	6.280297	0.011494	1.1
594	-0.552698	189.097406	6.295451	0.019233	1.0
595	-0.611321	190.095745	6.265678	0.013987	0.8
596	-0.542560	191.095745	6.236136	0.019509	1.3
597	-0.575166	192.093932	6.206924	0.013916	0.8
598	-0.583529	191.586996	6.221725	0.009285	1.4
599	-0.561312	191.121223	6.235387	0.008628	0.8
600	-0.556038	190.614294	6.250324	0.012297	1.0
601	-0.566523	190.137568	6.264437	0.016680	0.9
602	-0.542024	191.137335	6.234913	0.015695	1.0
603	-0.572837	192.137323	6.205661	0.014268	0.8
604	-0.543050	193.137066	6.176688	0.010559	1.4
605	-0.541864	194.137056	6.147978	0.019760	0.8
606	-0.544781	193.630107	6.162499	0.013189	1.4
607	-0.597897	193.123203	6.177088	0.013044	1.1
608	-0.585101	194.123201	6.148374	0.011659	0.8
609	-0.574334	195.120863	6.119992	0.010604	0.9
610	-0.554654	194.613969	6.134380	0.019422	1.3
611	-0.581820	195.613969	6.106060	0.010085	0.8
612	-0.545261	196.613969	6.078001	0.018672	1.3
613	-0.587231	196.155813	6.090824	0.020782	0.8
614	-0.554908	197.155813	6.062905	0.020546	1.0
615	-0.556354	196.648864	6.077027	0.011429	1.0
616	-0.580683	197.648864	6.049233	0.017482	0.8
617	-0.602278	197.141967	6.063290	0.020475	1.5
618	-0.548172	196.637057	6.077356	0.017862	1.1
619	-0.576226	197.637057	6.049560	0.016452	0.9
620	-0.603315	197.130108	6.063619	0.017128	1.4
621	-0.579557	198.130108	6.035948	0.009663	0.9
622	-0.551955	197.623799	6.049927	0.015914	1.1
623	-0.552025	197.116850	6.063988	0.011343	1.0
624	-0.584975	198.116850	6.036313	0.013268	0.8
625	-0.570009	198.431778	6.027650	0.007987	1.4
626	-0.535490	198.277462	6.031892	0.016558	0.9
627	-0.555595	197.770513	6.045869	0.012910	1.1
628	-0.584841	197.263564	6.059912	0.021400	1.2
629	-0.551899	198.263564	6.032274	0.018319	0.8
630	-0.583699	199.248734	6.005292	0.013973	1.0
631	-0.548874	198.748177	6.018971	0.010918	1.0
632	-0.534395	199.748149	5.991706	0.011628	0.9
633	-0.560923	200.729254	5.965194	0.016321	1.0
634	-0.586494	201.729254	5.938411	0.024401	0.9
635	-0.589256	202.729254	5.911868	0.017979	1.1
636	-0.561239	203.729254	5.885562	0.016629	0.9
637	-0.558836	203.222305	5.898869	0.021094	1.2
638	-0.578228	204.222305	5.872677	0.019974	1.0
639	-0.576225	203.715356	5.885926	0.017679	0.8
640	-0.565823	204.715356	5.859849	0.009671	1.1
641	-0.592464	205.715355	5.834002	0.017972	0.8
642	-0.565562	205.208406	5.847077	0.013755	0.9
643	-0.532875	204.701460	5.860210	0.011855	1.1
644	-0.593490	205.683546	5.834821	0.016669	0.9
645	-0.561408	205.510672	5.839274	0.018824	1.0
646	-0.559974	206.510672	5.813608	0.019545	0.9
647	-0.572852	207.510672	5.788167	0.017024	0.9
648	-0.547253	208.510672	5.762947	0.012907	1.0
649	-0.544324	208.003723	5.775705	0.016867	1.0
650	-0.567161	208.998841	5.750716	0.012175	0.8
651	-0.584476	209.998828	5.725821	0.012996	1.1
652	-0.576276	209.493239	5.738381	0.015093	1.2
653	-0.585632	208.986290	5.751029	0.017138	0.8
654	-0.576712	208.479340	5.763734	0.020248	0.9
655	-0.579545	207.972391	5.776495	0.015031	1.1
656	-0.548212	207.465442	5.789313	0.016945	0.8
657	-0.562704	206.958493	5.802188	0.019507	0.8
658	-0.583218	207.958493	5.776846	0.010864	1.0
659	-0.573474	207.451543	5.789665	0.016714	0.9
660	-0.594187	206.944594	5.802541	0.024927	1.0
661	-0.586724	207.287448	5.793827	0.016310	1.1
662	-0.545944	208.287448	5.768558	0.010143	0.9
663	-0.566800	207.780531	5.781340	0.012589	1.1
664	-0.575180	207.273582	5.794179	0.014827	0.9
665	-0.532999	208.272991	5.768922	0.024949	0.9
666	-0.600725	207.772682	5.781538	0.012815	1.1
667	-0.567429	208.772682	5.756376	0.011713	0.9
668	-0.546593	209.772681	5.731432	0.017857	1.1
669	-0.555567	209.265732	5.744050	0.010184	0.9
670	-0.540243	208.758819	5.756723	0.017686	1.2
671	-0.567946	208.251870	5.769453	0.013228	1.1
672	-0.613999	209.251870	5.744396	0.018150	0.8
673	-0.549024	210.251870	5.719556	0.019080	1.0
674	-0.575368	209.744921	5.732121	0.019884	1.2
675	-0.580493	210.744921	5.707387	0.009345	1.0
676	-0.587897	211.744853	5.682866	0.013582	1.1
677	-0.556329	212.279985	5.669830	0.012825	1.0
678	-0.581613	213.279985	5.645629	0.019145	0.9
679	-0.567247	214.279870	5.621637	0.013771	0.9
680	-0.551268	213.772921	5.633775	0.009708	1.1
681	-0.607748	214.768305	5.609990	0.013313	0.9
682	-0.575586	214.261356	5.622079	0.010480	1.0
683	-0.565304	213.754407	5.634220	0.011896	1.0
684	-0.558144	214.570934	5.614691	0.012022	1.1
685	-0.555174	214.063985	5.626800	0.011661	1.0
686	-0.572554	213.557043	5.638961	0.020765	0.8
687	-0.551398	213.050094	5.651174	0.017967	1.4
688	-0.539024	214.050094	5.627132	0.013176	0.8
689	-0.566586	215.049527	5.603307	0.021538	1.0
690	-0.581688	216.049527	5.579669	0.014590	0.9
691	-0.558586	215.542578	5.591627	0.010850	0.9
692	-0.590012	215.035822	5.603632	0.026683	1.1
693	-0.595189	216.035822	5.579992	0.022838	0.8
694	-0.562925	217.035822	5.556550	0.017834	1.0
695	-0.581617	218.035822	5.533304	0.015403	1.0
696	-0.581335	217.528876	5.545064	0.020848	1.1
697	-0.533551	217.021927	5.556874	0.012218	0.8
698	-0.579749	216.794805	5.562182	0.014991	1.6
699	-0.580579	217.794691	5.538892	0.018779	1.1
700	-0.585891	217.287742	5.550675	0.015334	0.8
701	-0.567253	216.780792	5.562510	0.008431	1.3
702	-0.599767	216.274149	5.574387	0.018325	0.8
703	-0.606123	217.274149	5.550992	0.019428	0.9
704	-0.592795	216.767200	5.562828	0.021194	1.3
705	-0.572709	216.260299	5.574712	0.010220	0.8
706	-0.552824	215.753388	5.586648	0.014995	1.2
707	-0.559979	216.734815	5.563585	0.014627	0.9
708	-0.540067	216.261762	5.574678	0.013133	0.8
709	-0.554604	215.754813	5.586615	0.020174	1.0
710	-0.563790	215.247864	5.598603	0.010000	0.9
711	-0.575341	214.740915	5.610642	0.020608	0.9
712	-0.559329	214.249218	5.622369	0.012803	1.0
713	-0.593376	215.249218	5.598571	0.018683	1.0
714	-0.564600	216.249218	5.574973	0.014641	0.9
715	-0.611272	215.742268	5.586911	0.014510	0.8
716	-0.566359	215.235319	5.598900	0.016518	1.3
717	-0.572982	216.232392	5.575368	0.014875	1.0
718	-0.548584	215.725452	5.587308	0.016271	1.0
719	-0.587193	216.725452	5.563804	0.013590	0.8
720	-0.529392	217.724783	5.540514	0.012301	1.0
721	-0.570022	217.218887	5.552280	0.008946	1.1
722	-0.594756	216.712244	5.564114	0.014436	0.8
723	-0.553349	217.712244	5.540805	0.009568	1.1
724	-0.590979	217.205742	5.552586	0.016844	0.9
725	-0.581310	218.205742	5.529374	0.014110	1.0
726	-0.588236	217.753673	5.539843	0.013091	0.8
727	-0.593216	217.271489	5.551054	0.013527	1.1
728	-0.578809	218.271489	5.527854	0.012404	1.0
729	-0.554059	217.764540	5.539591	0.017486	0.9
730	-0.601648	218.764540	5.516487	0.018943	1.0
731	-0.564621	218.257591	5.528175	0.015569	0.9
732	-0.593562	219.257591	5.505166	0.016834	1.1
733	-0.542643	220.257533	5.482349	0.012373	0.9
734	-0.582074	219.920031	5.490029	0.016030	1.1
735	-0.579552	219.413082	5.501605	0.012597	0.8
736	-0.561357	220.413082	5.478816	0.012428	1.4
737	-0.589106	219.906703	5.490333	0.018642	1.0
738	-0.549254	219.399754	5.501910	0.014153	0.8
739	-0.557843	220.399754	5.479119	0.014911	1.4
740	-0.595540	221.399754	5.456515	0.015542	0.8
741	-0.568867	220.892805	5.467951	0.016234	1.0
742	-0.614840	221.892801	5.445439	0.013333	0.9
743	-0.543413	222.892801	5.423112	0.017153	1.1
744	-0.584784	223.892801	5.400967	0.008516	1.0
745	-0.580629	224.892797	5.379002	0.017147	0.8
746	-0.547669	225.892797	5.357215	0.019172	1.2
747	-0.584042	226.892797	5.335604	0.015359	1.4
748	-0.557183	227.892797	5.314167	0.013931	0.9
749	-0.574789	227.428374	5.324102	0.018507	0.8
750	-0.573808	228.339990	5.304636	0.013298	1.4
751	-0.604752	229.339990	5.283446	0.009579	0.9
752	-0.558084	230.339990	5.262425	0.014022	0.9
753	-0.572692	229.833041	5.273061	0.017412	1.0
754	-0.595559	229.326092	5.283740	0.014372	1.3
755	-0.525301	228.819142	5.294462	0.015614	0.8
756	-0.586857	229.819142	5.273353	0.014772	1.3
757	-0.576001	229.312196	5.284033	0.012076	1.2
758	-0.581241	230.312196	5.263007	0.012138	1.1
759	-0.565407	231.312196	5.242148	0.015445	1.0
760	-0.584760	232.312187	5.221454	0.018868	1.0
761	-0.547316	231.805238	5.231925	0.012429	1.0
762	-0.571024	231.298288	5.242437	0.017294	0.9
763	-0.553101	230.973464	5.249195	0.017852	0.9
764	-0.589157	231.520777	5.237818	0.017556	1.0
765	-0.553560	232.486407	5.217865	0.012424	0.8
766	-0.578609	231.979458	5.228321	0.015071	1.2
767	-0.574465	231.472557	5.238819	0.012374	0.8
768	-0.581716	230.965609	5.249359	0.014082	1.3
769	-0.571654	230.459592	5.259922	0.018843	1.0
770	-0.574458	231.459592	5.239088	0.020264	0.9
771	-0.542034	230.952643	5.249629	0.019400	1.0
772	-0.565561	230.445693	5.260213	0.009507	1.0
773	-0.609240	231.445690	5.239376	0.012830	0.8
774	-0.568325	232.445690	5.218704	0.016219	1.5
775	-0.555578	231.938741	5.229163	0.012869	0.9
776	-0.570683	232.938741	5.208571	0.012526	0.8
777	-0.567309	232.559500	5.216361	0.013905	1.7
778	-0.562303	233.559500	5.195869	0.007437	0.9
779	-0.584383	233.403375	5.199058	0.017828	0.9
780	-0.581029	232.910409	5.209152	0.010739	0.9
781	-0.595640	232.403460	5.219573	0.015186	1.3
782	-0.549845	233.226622	5.202673	0.022628	0.8
783	-0.591825	234.226622	5.182288	0.013629	1.4
784	-0.577960	233.719672	5.192602	0.016466	1.0
785	-0.579371	234.719672	5.172296	0.015301	0.8
786	-0.553412	234.212746	5.182570	0.014925	1.0
787	-0.580697	233.715162	5.192694	0.013244	1.2
788	-0.571819	233.208213	5.203050	0.010300	1.1
789	-0.585685	234.208102	5.182664	0.020906	1.0
790	-0.590784	233.716192	5.192673	0.017261	0.9
791	-0.569787	234.380576	5.179164	0.016032	0.9
792	-0.550297	235.380576	5.158963	0.010875	1.1
793	-0.574750	234.873627	5.169184	0.010717	0.9
794	-0.570512	235.873619	5.149061	0.017576	1.0
795	-0.562274	236.873619	5.129094	0.011958	0.9
796	-0.515547	237.873619	5.109280	0.012186	1.0
797	-0.573766	238.873601	5.089620	0.015121	0.9
798	-0.578961	239.459358	5.078174	0.017557	1.2
799	-0.563997	238.952488	5.088076	0.008974	1.1
800	-0.535341	238.445538	5.098018	0.010973	0.8
801	-0.572354	238.834469	5.090387	0.016391	1.3
802	-0.604543	238.327551	5.100337	0.017421	1.2
803	-0.581457	239.327499	5.080746	0.018177	1.0
804	-0.595679	239.856894	5.070435	0.017267	1.0
805	-0.573200	239.349944	5.080308	0.015591	1.4
806	-0.583689	238.842995	5.090220	0.014890	1.0
807	-0.588417	238.336046	5.100170	0.006445	0.8
808	-0.569500	237.881169	5.109131	0.011498	2.1
809	-0.572511	238.720027	5.092630	0.023116	0.9
810	-0.560627	238.213078	5.102589	0.024990	1.1
811	-0.581143	239.213078	5.082980	0.012833	1.4
812	-0.567989	238.706128	5.092902	0.017116	0.8
813	-0.556429	239.642082	5.074614	0.013503	1.1
814	-0.578378	239.135133	5.084503	0.011729	1.2
815	-0.549943	238.628184	5.094431	0.015842	0.8
816	-0.593944	238.121235	5.104398	0.012154	0.9
817	-0.568066	237.614285	5.114404	0.013555	1.0
818	-0.593951	237.107337	5.124449	0.017363	0.9
819	-0.566348	238.107337	5.104672	0.016263	0.9
820	-0.573490	237.626669	5.114159	0.010173	1.1
821	-0.565518	238.615266	5.094685	0.008553	0.9
822	-0.578303	238.889904	5.089301	0.006280	0.8
823	-0.611940	238.383283	5.099241	0.011888	1.8
824	-0.593265	237.876337	5.109227	0.014205	0.9
825	-0.566471	237.369388	5.119252	0.013027	0.8
826	-0.606139	238.369387	5.099514	0.014489	1.6
827	-0.563439	239.341148	5.080480	0.020825	0.8
828	-0.564815	239.259420	5.082075	0.011339	1.0
829	-0.556636	240.259420	5.062623	0.021570	1.3
830	-0.590436	239.752515	5.072465	0.015894	0.8
831	-0.569543	239.245567	5.082346	0.012700	0.8
832	-0.571840	238.738617	5.092265	0.011986	1.7
833	-0.577107	239.721245	5.073073	0.010289	0.9
834	-0.560906	239.235686	5.082539	0.015142	0.9
835	-0.617387	238.728737	5.092459	0.012282	1.0
836	-0.594474	239.728619	5.072930	0.016125	0.9
837	-0.595990	240.544210	5.057110	0.019111	0.8
838	-0.532772	241.544156	5.037849	0.011255	1.7
839	-0.553457	242.544156	5.018734	0.013190	1.0
840	-0.580015	243.544117	4.999763	0.012478	0.8
841	-0.557229	244.544117	4.980935	0.011532	1.7
842	-0.586395	244.102929	4.989224	0.015275	1.2
843	-0.582874	243.595980	4.998783	0.021913	0.8
844	-0.578429	243.089031	5.008379	0.013415	0.8
845	-0.578416	244.089031	4.989486	0.016905	1.8
846	-0.558536	243.582082	4.999046	0.009852	0.8
847	-0.563223	243.075132	5.008642	0.015596	0.9
848	-0.579796	242.572024	5.018203	0.017772	1.0
849	-0.546255	243.571970	4.999237	0.017030	0.8
850	-0.586803	244.571970	4.980412	0.019654	1.2
851	-0.570081	245.571862	4.961731	0.024035	0.9
852	-0.623002	246.557488	4.943453	0.021792	0.8
853	-0.570959	246.050539	4.952837	0.013625	1.3
854	-0.600611	245.543589	4.962257	0.011719	1.0
855	-0.581636	246.482557	4.944838	0.016966	0.8
856	-0.599706	247.482557	4.926420	0.011620	1.5
857	-0.561986	248.482557	4.908139	0.016272	1.0
858	-0.581621	249.407568	4.891349	0.015653	0.8
859	-0.560202	248.900619	4.900537	0.017077	1.4
860	-0.553122	248.393670	4.909759	0.017333	0.8
861	-0.584446	249.393662	4.891601	0.018680	1.1
862	-0.544904	250.393662	4.873577	0.016059	1.1
863	-0.532808	249.886713	4.882698	0.011537	0.8
864	-0.556055	250.886713	4.864739	0.015679	1.5
865	-0.593497	250.380343	4.873816	0.006844	1.1
866	-0.557681	250.337611	4.874584	0.014486	0.8
867	-0.569655	249.830661	4.883708	0.010655	1.0
868	-0.605311	250.830661	4.865742	0.014465	0.9
869	-0.579703	251.402286	4.855532	0.015230	1.7
870	-0.573336	252.388419	4.838017	0.018327	1.1
871	-0.593186	253.388417	4.820385	0.014443	0.8
872	-0.597895	252.886622	4.829217	0.007594	0.9
873	-0.554023	253.882583	4.811720	0.011881	1.3
874	-0.570591	254.882546	4.794279	0.011381	0.8
875	-0.588193	255.880968	4.776991	0.011915	1.0
876	-0.586272	256.752025	4.762010	0.018614	1.0
877	-0.563851	256.245076	4.770717	0.014127	1.0
878	-0.573923	257.212019	4.754137	0.014910	1.8
879	-0.543581	256.705078	4.762815	0.012908	1.0
880	-0.560005	256.198129	4.771525	0.014182	0.9
881	-0.576802	257.198129	4.754374	0.016043	0.8
882	-0.577515	256.691180	4.763053	0.018124	1.9
883	-0.571259	256.258612	4.770485	0.015143	0.9
884	-0.564536	257.258612	4.753340	0.013444	1.0
885	-0.586064	258.258610	4.736319	0.014435	0.9
886	-0.596065	259.258610	4.719419	0.020106	1.2
887	-0.585690	260.258610	4.702640	0.015589	0.9
888	-0.567907	259.751660	4.711131	0.014084	1.4
889	-0.589491	259.244711	4.719653	0.016538	1.2
890	-0.557116	258.737875	4.728205	0.020250	0.8
891	-0.593515	259.737875	4.711363	0.014718	0.9
892	-0.582485	260.737875	4.694640	0.012241	1.6
893	-0.559796	260.230925	4.703103	0.011316	0.8
894	-0.553607	259.723976	4.711596	0.013329	1.0
895	-0.559587	260.723976	4.694872	0.024456	1.3
896	-0.616477	260.217049	4.703335	0.018347	0.8
897	-0.552204	259.710101	4.711829	0.014903	1.0
898	-0.557337	260.710101	4.695103	0.016892	0.8
899	-0.540617	260.501729	4.698578	0.013890	1.0
900	-0.578953	261.501729	4.681946	0.011129	1.1
901	-0.606932	262.476766	4.665842	0.017042	0.9
902	-0.561149	263.476756	4.649441	0.018005	0.9
903	-0.536065	262.969807	4.657741	0.011369	0.8
904	-0.579056	263.969807	4.641397	0.018467	1.3
905	-0.549625	263.463029	4.649665	0.017683	0.9
906	-0.562043	264.445792	4.633657	0.016127	0.9
907	-0.574398	265.445792	4.617481	0.017636	1.5
908	-0.591592	264.941550	4.625623	0.015569	0.8
909	-0.535837	265.941548	4.609503	0.014276	1.2
910	-0.580467	266.771439	4.596210	0.017352	0.8
911	-0.566781	266.264490	4.604321	0.018422	1.2
912	-0.534786	265.757540	4.612461	0.027755	2.0
913	-0.568144	265.250591	4.620629	0.013137	1.1
914	-0.583690	264.743642	4.628827	0.015197	0.9
915	-0.560115	265.743640	4.612684	0.015976	1.0
916	-0.559100	265.236692	4.620854	0.018766	1.0
917	-0.573999	266.236692	4.604767	0.013279	0.8
918	-0.548238	267.236692	4.588791	0.016185	1.3
919	-0.566186	268.236690	4.572926	0.025031	0.8
920	-0.571740	267.729743	4.580955	0.012204	1.2
921	-0.556029	268.729743	4.565144	0.011541	1.1
922	-0.583868	268.222794	4.573146	0.009179	0.8
923	-0.567878	267.718165	4.581139	0.017174	0.9
924	-0.554754	268.718165	4.565326	0.014789	1.1
925	-0.583855	268.211224	4.573328	0.018130	0.9
926	-0.562611	269.211224	4.557570	0.013623	0.8
927	-0.582199	270.211220	4.541920	0.017879	1.1
928	-0.554612	269.712953	4.549704	0.015834	0.8
929	-0.540770	270.712953	4.534108	0.014902	1.0
930	-0.576808	271.712951	4.518618	0.012917	1.2
931	-0.568571	271.357642	4.524109	0.011658	0.9
932	-0.588475	270.851171	4.531960	0.017060	0.9
933	-0.567125	270.347260	4.539799	0.015661	1.0
934	-0.574833	269.840310	4.547712	0.016726	0.9
935	-0.523474	269.333361	4.555653	0.011603	0.8
936	-0.588012	268.826432	4.563621	0.014917	1.4
937	-0.570346	269.824846	4.547954	0.016111	1.0
938	-0.594531	269.317898	4.555895	0.018166	0.9
939	-0.567693	268.810949	4.563865	0.020697	0.9
940	-0.573658	269.810949	4.548171	0.019671	1.2
941	-0.584665	269.304007	4.556113	0.016840	0.9
942	-0.562927	270.304007	4.540473	0.022346	1.0
943	-0.585903	269.797058	4.548388	0.011522	1.0
944	-0.588326	269.801554	4.548318	0.013908	0.8
945	-0.563310	269.298590	4.556198	0.019822	1.2
946	-0.580130	270.298590	4.540557	0.019698	1.1
947	-0.573415	271.298590	4.525023	0.020196	1.0
948	-0.603598	271.399062	4.523468	0.016573	1.2
949	-0.569014	272.399062	4.508051	0.020419	0.8
950	-0.562962	273.397205	4.492767	0.012463	1.5
951	-0.587836	274.397205	4.477557	0.013779	0.8
952	-0.575190	273.890317	4.485254	0.016552	1.5
953	-0.593332	273.383368	4.492978	0.012193	1.0
954	-0.589756	272.876419	4.500728	0.009968	0.9
955	-0.560049	273.712923	4.487954	0.017001	1.2
956	-0.579221	274.712923	4.472777	0.013959	1.2
957	-0.564871	274.205974	4.480458	0.010608	2.0
958	-0.587170	273.699148	4.488163	0.015052	0.9
959	-0.595562	273.192257	4.495896	0.016463	1.5
960	-0.579783	274.192257	4.480666	0.024721	1.0
961	-0.553733	275.192257	4.465538	0.009743	0.8
962	-0.588188	274.685308	4.473195	0.013004	0.8
963	-0.589413	275.685304	4.458117	0.017654	1.1
964	-0.568996	275.178405	4.465747	0.011020	0.9
965	-0.592902	276.137709	4.451330	0.016332	1.1
966	-0.569926	275.892223	4.455010	0.016099	1.0
967	-0.574664	276.892222	4.440055	0.014526	0.8
968	-0.582532	277.892222	4.425200	0.012250	1.1
969	-0.576682	278.662079	4.413831	0.014544	0.9
970	-0.574992	278.279548	4.419473	0.013956	0.9
971	-0.567530	279.279548	4.404755	0.014362	0.9
972	-0.574035	278.773356	4.412193	0.011018	0.9
973	-0.566733	278.266406	4.419667	0.012810	0.9
974	-0.568254	278.779834	4.412098	0.021103	1.4
975	-0.586041	279.779802	4.397429	0.022767	0.9
976	-0.574152	279.272853	4.404853	0.026977	0.9
977	-0.555127	280.272853	4.390233	0.018334	1.2
978	-0.604606	281.272853	4.375709	0.014406	0.9
979	-0.574659	282.176843	4.362661	0.013889	1.1
980	-0.583903	281.669894	4.369969	0.015891	0.9
981	-0.585176	281.162944	4.377300	0.014817	1.1
982	-0.569856	281.895439	4.366715	0.012881	0.9
983	-0.586058	282.895439	4.352345	0.011734	0.8
984	-0.586415	282.511727	4.357848	0.019902	1.1
985	-0.571270	282.010045	4.365063	0.015629	1.0
986	-0.566007	281.503096	4.372378	0.014900	0.9
987	-0.569881	282.503096	4.357972	0.011760	1.7
988	-0.555267	283.503096	4.343660	0.007166	1.1
989	-0.598095	282.996156	4.350903	0.016915	0.8
990	-0.567088	283.996155	4.336638	0.013604	0.8
991	-0.572013	284.996154	4.322466	0.012846	1.8
992	-0.557197	285.996153	4.308386	0.011321	0.9
993	-0.574438	286.996153	4.294398	0.015693	0.8
994	-0.547381	286.489204	4.301478	0.012932	1.0
995	-0.570227	285.982255	4.308581	0.018576	1.2
996	-0.570623	285.495321	4.315426	0.012057	0.8
997	-0.525132	285.007330	4.322308	0.018068	1.1
998	-0.549851	286.007330	4.308229	0.025697	1.3
999	-0.574079	287.007330	4.294242	0.017671	1.0
