1:ItNr	2:Metric	3:StepSize	4:||Gradient||	Time[ms]
0	-0.000000	627.201626	0.000000	495.1
1	-0.345350	623.504937	0.007847	1.8
2	-0.709104	619.865785	0.021281	2.4
3	-0.000000	616.282728	0.000000	1.6
4	-0.000000	612.754375	0.000000	2.5
5	-0.736541	609.279381	0.013666	2.0
6	-0.000063	605.856447	0.000007	2.6
7	-0.560849	602.484317	0.027986	2.1
8	-0.666812	599.161779	0.020637	1.6
9	-0.232520	595.887656	0.001614	2.2
10	-0.000000	592.660813	0.000000	2.1
11	-0.666938	589.480151	0.016533	2.0
12	-1.067852	586.344606	0.033725	2.9
13	-0.651003	583.253145	0.014946	2.8
14	-0.759955	580.204771	0.027811	1.9
15	-0.329138	577.198517	0.007760	1.7
16	-0.000000	574.233444	0.000000	2.1
17	-0.937926	571.308645	0.014229	2.9
18	-0.469410	568.423237	0.009624	2.8
19	-0.030129	565.576365	0.002738	1.7
20	-1.172506	562.767201	0.011204	2.6
21	-0.963296	559.994938	0.038376	1.7
22	-0.769342	557.258797	0.028475	2.0
23	-0.643419	554.558018	0.036879	2.5
24	-0.424713	551.891865	0.006208	3.1
25	-0.266429	549.259621	0.008448	1.7
26	-0.000000	546.660592	0.000000	2.1
27	-0.611942	544.094102	0.015740	2.0
28	-0.000000	541.559494	0.000000	2.4
29	-0.096176	539.056129	0.001384	1.5
30	-0.995621	536.583387	0.026821	3.1
31	-0.210879	534.140663	0.006269	1.8
32	-0.150629	531.727370	0.009162	2.5
33	-0.000000	529.342935	0.000000	1.6
34	-0.016664	526.986802	0.000742	3.1
35	-0.672260	524.658430	0.029237	1.9
36	-0.569496	522.357290	0.011861	2.1
37	-0.177327	520.082868	0.008406	1.7
38	-0.662376	517.834665	0.015971	2.8
39	-0.680825	515.612193	0.031475	3.0
40	-0.000000	513.414976	0.000000	1.5
41	-0.468989	511.242551	0.029708	3.5
42	-0.349503	509.094468	0.005456	1.4
43	-0.875676	506.970285	0.034830	3.1
44	-0.190038	504.869574	0.006274	2.2
45	-0.000000	502.791916	0.000000	1.5
46	-0.000014	500.736903	0.000003	1.8
47	-0.395775	498.704137	0.012720	3.1
48	-0.192826	496.693228	0.009803	2.8
49	-0.697191	494.703798	0.037185	2.5
50	-0.281838	492.735476	0.003341	1.5
51	-0.741674	490.787900	0.015306	2.3
52	-0.274164	488.860718	0.014873	1.7
53	-0.577343	486.953585	0.024004	1.8
54	-0.466400	485.066164	0.007406	3.1
55	-0.765910	483.198126	0.029434	1.5
56	-0.535391	481.349149	0.005834	2.6
57	-0.000000	479.518920	0.000000	2.2
58	-0.237805	477.707132	0.002579	2.1
59	-0.383369	475.913485	0.009646	1.8
60	-0.855487	474.137684	0.043022	2.9
61	-0.000000	472.379445	0.000000	1.6
62	-0.974359	470.638485	0.014518	2.2
63	-0.623492	468.914531	0.014327	3.2
64	-0.442497	467.207315	0.007109	2.4
65	-0.428885	465.516573	0.007137	2.3
66	-0.284311	463.842050	0.013058	1.7
67	-0.000000	462.183494	0.000000	1.9
68	-0.688908	460.540658	0.007277	1.5
69	-0.619859	458.913303	0.014341	2.7
70	-0.623377	457.301192	0.025079	2.2
71	-0.000141	455.704096	0.000024	2.2
72	-0.597380	454.121787	0.022022	2.9
73	-0.016845	452.554045	0.000322	2.9
74	-0.601592	451.000653	0.010361	2.9
75	-0.871680	449.461399	0.046045	1.6
76	-0.552179	447.936075	0.010976	3.0
77	-0.677997	446.424477	0.033461	3.2
78	-0.658805	444.926406	0.021636	3.8
79	-0.377658	443.441666	0.006186	2.7
80	-0.001695	441.970065	0.000178	3.0
81	-0.599971	440.511415	0.014047	1.7
82	-0.099830	439.065533	0.002402	2.9
83	-0.000002	437.632238	0.000004	2.3
84	-0.000000	436.211351	0.000000	1.4
85	-0.647037	434.802701	0.022145	2.1
86	-0.121949	433.406117	0.001716	1.8
87	-0.592213	432.021430	0.046410	2.1
88	-0.083405	430.648479	0.002662	2.9
89	-0.580849	429.287101	0.020253	2.7
90	-0.028923	427.937140	0.000901	2.2
91	-0.043702	426.598440	0.003577	1.6
92	-0.008662	425.270849	0.000098	2.6
93	-0.000000	423.954220	0.000000	1.3
94	-0.611615	422.648404	0.008877	2.7
95	-0.816700	421.353259	0.025008	3.3
96	-0.671892	420.068643	0.023639	1.5
97	-0.000000	418.794419	0.000000	2.0
98	-0.536719	417.530451	0.011026	2.7
99	-0.849010	416.276604	0.040349	1.9
100	-0.491029	415.032748	0.009420	2.2
101	-0.489751	413.798754	0.011549	3.6
102	-0.528577	412.574495	0.014126	1.4
103	-0.790654	411.359849	0.018663	3.3
104	-0.000003	410.154691	0.000003	1.9
105	-0.511616	408.958904	0.009580	1.7
106	-0.928373	407.772368	0.010180	2.2
107	-0.000000	406.594968	0.000000	1.4
108	-0.670739	405.426590	0.012511	2.0
109	-0.081052	404.267122	0.002715	2.0
110	-0.000000	403.116456	0.000000	1.6
111	-0.000000	401.974481	0.000000	1.3
112	-0.172519	400.841093	0.003170	2.9
113	-0.746380	399.716187	0.023768	2.6
114	-0.068767	398.599660	0.006354	1.6
115	-0.835150	397.491411	0.038632	2.3
116	-0.684975	396.391342	0.013132	3.4
117	-0.000182	395.299353	0.000064	2.7
118	-0.715042	394.215350	0.031281	2.8
119	-0.516044	393.139238	0.014199	2.7
120	-0.732324	392.070924	0.008824	1.5
121	-0.000000	391.010316	0.000000	2.8
122	-0.696652	389.957325	0.028112	2.6
123	-0.703012	388.911862	0.013097	1.6
124	-0.739904	387.873839	0.009079	2.7
125	-0.861178	386.843173	0.041241	1.6
126	-0.206234	385.819777	0.008357	2.1
127	-0.797296	384.803569	0.017000	2.1
128	-0.000215	383.794468	0.000087	2.0
129	-0.655978	382.792393	0.024892	1.9
130	-0.521888	381.797264	0.010377	1.7
131	-0.759499	380.809005	0.008246	2.3
132	-0.526153	379.827537	0.013746	2.3
133	-0.720241	378.852786	0.024217	1.7
134	-0.608800	377.884678	0.024712	2.0
135	-0.053416	376.923138	0.003173	2.1
136	-0.919234	375.968095	0.026178	3.1
137	-0.442567	375.019479	0.014530	3.0
138	-0.259774	374.077218	0.012296	2.5
139	-0.000000	373.141244	0.000000	1.7
140	-0.800542	372.211489	0.019391	2.1
141	-0.780372	371.287887	0.023494	3.4
142	-0.432836	370.370370	0.008525	3.0
143	-0.000935	369.458876	0.000021	1.6
144	-0.629371	368.553338	0.029691	2.7
145	-0.000000	367.653696	0.000000	3.2
146	-0.374698	366.759885	0.020431	2.1
147	-0.014176	365.871846	0.002214	2.0
148	-0.535295	364.989518	0.009127	2.0
149	-0.600742	364.112841	0.010663	2.2
150	-0.079986	363.241757	0.003854	2.5
151	-0.462171	362.376208	0.007786	2.4
152	-0.409596	361.516137	0.008497	3.3
153	-0.642707	360.661488	0.013742	4.1
154	-0.801298	359.812206	0.033408	1.8
155	-1.012145	358.968236	0.043837	1.9
156	-0.000000	358.129524	0.000000	1.9
157	-0.608574	357.296018	0.013285	2.7
158	-0.000000	356.467665	0.000000	2.8
159	-0.000000	355.644414	0.000000	1.5
160	-0.313146	354.826213	0.012456	3.4
161	-0.896234	354.013012	0.045300	3.0
162	-0.659461	353.204763	0.025007	2.7
163	-0.000000	352.401415	0.000000	3.4
164	-0.556293	351.602922	0.008726	2.0
165	-0.479451	350.809235	0.018291	2.6
166	-0.211092	350.020308	0.002176	3.5
167	-0.857201	349.236095	0.029256	3.1
168	-0.862598	348.456550	0.032156	1.9
169	-0.010839	347.681627	0.000614	2.2
170	-0.776132	346.911283	0.020165	2.0
171	-0.000000	346.145474	0.000000	1.6
172	-0.160608	345.384157	0.002649	2.6
173	-0.568072	344.627288	0.015264	2.8
174	-0.452926	343.874826	0.021511	3.0
175	-0.000000	343.126729	0.000000	2.9
176	-0.149115	342.382957	0.009649	1.9
177	-0.633810	341.643469	0.008797	1.8
178	-0.538145	340.908224	0.014856	3.6
179	-1.015441	340.177184	0.015079	2.9
180	-0.314096	339.450309	0.010001	3.3
181	-0.874306	338.727561	0.028175	3.0
182	-0.632293	338.008902	0.008242	1.7
183	-0.000000	337.294295	0.000000	2.7
184	-0.000000	336.583703	0.000000	2.9
185	-0.618579	335.877089	0.045075	2.9
186	-0.578400	335.174416	0.012976	2.6
187	-0.647557	334.475651	0.012333	3.2
188	-0.269428	333.780756	0.004863	2.7
189	-0.000000	333.089698	0.000000	1.6
190	-0.851097	332.402443	0.035520	3.2
191	-0.000000	331.718955	0.000000	2.5
192	-0.547373	331.039203	0.008075	3.2
193	-0.000000	330.363153	0.000000	2.0
194	-0.265078	329.690771	0.007643	2.0
195	-0.000000	329.022027	0.000000	1.4
196	-1.016295	328.356888	0.019162	2.5
197	-0.634864	327.695322	0.025207	2.1
198	-0.892718	327.037299	0.015539	1.6
199	-0.000000	326.382787	0.000000	3.6
200	-0.468230	325.731758	0.007388	2.6
201	-0.022357	325.084179	0.001836	2.7
202	-0.405481	324.440023	0.007999	1.6
203	-0.031835	323.799258	0.001390	3.1
204	-0.263047	323.161858	0.012909	3.1
205	-0.782768	322.527792	0.025209	2.7
206	-0.873668	321.897034	0.012659	1.6
207	-0.000000	321.269554	0.000000	2.3
208	-0.609434	320.645325	0.029125	2.2
209	-0.000000	320.024320	0.000000	1.6
210	-0.000000	319.406512	0.000000	2.1
211	-0.000000	318.791875	0.000000	2.4
212	-0.921457	318.180381	0.052993	1.7
213	-0.858238	317.572005	0.026268	4.0
214	-0.946487	316.966721	0.041011	1.5
215	-0.000000	316.364504	0.000000	3.7
216	-0.593975	315.765329	0.008929	3.0
217	-0.974604	315.169170	0.020142	3.0
218	-0.413851	314.576003	0.012463	2.5
219	-0.000000	313.985804	0.000000	1.8
220	-0.000000	313.398548	0.000000	2.0
221	-0.771038	312.814213	0.014687	2.4
222	-0.882933	312.232773	0.006427	2.4
223	-0.000000	311.654207	0.000000	2.6
224	-0.460252	311.078491	0.016867	1.9
225	-0.143958	310.505602	0.004499	3.3
226	-0.000000	309.935518	0.000000	3.1
227	-0.000000	309.368217	0.000000	1.7
228	-0.320073	308.803676	0.007129	3.4
229	-0.451963	308.241874	0.006856	2.1
230	-0.398990	307.682789	0.009908	2.3
231	-0.000000	307.126400	0.000000	3.0
232	-0.563426	306.572687	0.023557	2.5
233	-0.861417	306.021627	0.015350	1.9
234	-0.703841	305.473201	0.039699	2.2
235	-0.000000	304.927388	0.000000	1.8
236	-0.868066	304.384168	0.037389	2.3
237	-0.000000	303.843521	0.000000	2.7
238	-0.481112	303.305427	0.007940	1.9
239	-0.690394	302.769867	0.027662	3.0
240	-0.096348	302.236821	0.009122	2.1
241	-0.554844	301.706270	0.035790	2.7
242	-0.885163	301.178196	0.032591	2.8
243	-0.879706	300.652580	0.041976	2.3
244	-0.665567	300.129402	0.009842	1.6
245	-0.398040	299.608645	0.007957	3.3
246	-0.000000	299.090291	0.000000	1.7
247	-0.629468	298.574321	0.009309	2.5
248	-0.502849	298.060718	0.016291	1.5
249	-0.020965	297.549465	0.002552	2.8
250	-0.289059	297.040543	0.004571	2.2
251	-0.809959	296.533936	0.041185	2.9
252	-0.000000	296.029626	0.000000	2.3
253	-0.410470	295.527597	0.008729	1.7
254	-0.000000	295.027832	0.000000	2.4
255	-0.963350	294.530315	0.036178	1.5
256	-0.002322	294.035028	0.000039	2.4
257	-0.826257	293.541956	0.024199	1.8
258	-0.000120	293.051083	0.000029	1.5
259	-0.557651	292.562393	0.010920	2.9
260	-0.146274	292.075870	0.004922	2.5
261	-0.000000	291.591498	0.000000	1.3
262	-0.000000	291.109263	0.000000	2.7
263	-0.727628	290.629149	0.016488	1.6
264	-0.000000	290.151140	0.000000	2.1
265	-0.611736	289.675222	0.013837	1.5
266	-0.004723	289.201380	0.000094	2.9
267	-0.117216	288.729600	0.003972	2.4
268	-0.000000	288.259866	0.000000	1.7
269	-0.501448	287.792165	0.011050	2.0
270	-0.517894	287.326481	0.012853	2.9
271	-0.486087	286.862802	0.011502	1.6
272	-0.851833	286.401113	0.016469	2.4
273	-0.278633	285.941400	0.004920	2.7
274	-0.879028	285.483649	0.057588	3.2
275	-0.000000	285.027847	0.000000	1.5
276	-0.596957	284.573981	0.009456	2.1
277	-0.443002	284.122037	0.006414	3.1
278	-0.713558	283.672002	0.018374	1.4
279	-0.786470	283.223863	0.026638	3.6
280	-0.738732	282.777607	0.007440	1.7
281	-0.205946	282.333221	0.002970	1.7
282	-0.397037	281.890692	0.003237	2.9
283	-0.000000	281.450008	0.000000	2.6
284	-0.595929	281.011157	0.014327	1.8
285	-0.154618	280.574125	0.002058	2.5
286	-0.124367	280.138901	0.006870	1.5
287	-0.247625	279.705473	0.004496	2.4
288	-0.887152	279.273829	0.032537	1.8
289	-0.621916	278.843956	0.012672	2.5
290	-0.897684	278.415844	0.056860	3.3
291	-0.014126	277.989479	0.000248	1.7
292	-0.000000	277.564851	0.000000	2.7
293	-0.161277	277.141949	0.001543	1.8
294	-0.620944	276.720761	0.035730	1.6
295	-0.278394	276.301275	0.009260	2.2
296	-0.000000	275.883480	0.000000	2.3
297	-0.475424	275.467366	0.016966	1.6
298	-0.470087	275.052922	0.005398	2.6
299	-0.000000	274.640136	0.000000	3.2
300	-0.008595	274.228998	0.000358	1.4
301	-0.371282	273.819497	0.009938	3.4
302	-0.467874	273.411623	0.004944	1.8
303	-0.821017	273.005365	0.044058	1.8
304	-0.000000	272.600712	0.000000	2.4
305	-0.488006	272.197655	0.010354	1.6
306	-0.702678	271.796184	0.017206	2.1
307	-0.897716	271.396287	0.040184	2.9
308	-0.384436	270.997956	0.007552	2.7
309	-0.755896	270.601180	0.017477	2.6
310	-0.000000	270.205949	0.000000	1.4
311	-0.064274	269.812254	0.004448	1.9
312	-0.000000	269.420085	0.000000	1.7
313	-0.000000	269.029432	0.000000	2.1
314	-0.523177	268.640287	0.012450	2.8
315	-0.674443	268.252638	0.010500	3.0
316	-0.000000	267.866478	0.000000	3.1
317	-0.724085	267.481796	0.015678	2.0
318	-0.212192	267.098584	0.007047	2.2
319	-0.827709	266.716833	0.029160	2.6
320	-0.347732	266.336533	0.008510	1.7
321	-0.186093	265.957676	0.004347	2.2
322	-0.482977	265.580253	0.012268	1.8
323	-0.389454	265.204254	0.007523	1.7
324	-0.504014	264.829672	0.013731	2.3
325	-0.569692	264.456497	0.008681	2.4
326	-0.508721	264.084721	0.008244	2.9
327	-1.030672	263.714335	0.017114	1.6
328	-0.722170	263.345332	0.006939	2.0
329	-0.574566	262.977702	0.051192	2.8
330	-0.000001	262.611438	0.000000	1.7
331	-0.360286	262.246531	0.008035	1.5
332	-0.942076	261.882973	0.020144	3.1
333	-0.000000	261.520756	0.000000	1.7
334	-0.235311	261.159871	0.004943	3.2
335	-0.886546	260.800312	0.022863	2.9
336	-0.008369	260.442070	0.000921	1.7
337	-0.683667	260.085137	0.045004	2.2
338	-0.943872	259.729505	0.044103	1.9
339	-0.031368	259.375167	0.000785	2.8
340	-0.936961	259.022116	0.020846	2.5
341	-0.407455	258.670343	0.015534	1.9
342	-0.850031	258.319841	0.048527	1.8
343	-0.355211	257.970602	0.008533	2.0
344	-0.529826	257.622620	0.026539	2.7
345	-0.572860	257.275887	0.010694	3.5
346	-0.393323	256.930396	0.013802	3.0
347	-0.646678	256.586139	0.019917	3.0
348	-0.521955	256.243109	0.010848	2.7
349	-0.475336	255.901300	0.021876	2.4
350	-0.072791	255.560703	0.005649	2.9
351	-0.943564	255.221313	0.027831	1.6
352	-0.001147	254.883122	0.000048	2.3
353	-0.644429	254.546124	0.023920	3.8
354	-0.306715	254.210311	0.015923	1.5
355	-0.553062	253.875677	0.009785	2.7
356	-0.641976	253.542215	0.018120	3.0
357	-0.000000	253.209918	0.000000	1.8
358	-0.027524	252.878781	0.002704	2.0
359	-0.000000	252.548795	0.000000	2.1
360	-0.869864	252.219956	0.055537	2.6
361	-0.522551	251.892255	0.003495	1.6
362	-0.528786	251.565688	0.007399	2.5
363	-0.000000	251.240247	0.000000	1.6
364	-0.000000	250.915926	0.000000	2.7
365	-0.921264	250.592720	0.014563	2.6
366	-0.717949	250.270621	0.012255	2.2
367	-0.000000	249.949624	0.000000	1.3
368	-0.000000	249.629723	0.000000	3.0
369	-0.950982	249.310911	0.028669	1.5
370	-0.711373	248.993182	0.008058	3.6
371	-0.010104	248.676531	0.003602	2.4
372	-0.000000	248.360952	0.000000	1.5
373	-0.000000	248.046438	0.000000	1.7
374	-0.000000	247.732984	0.000000	1.2
375	-0.213012	247.420584	0.002029	1.8
376	-0.000413	247.109233	0.000059	2.0
377	-0.704674	246.798924	0.014676	1.6
378	-0.194198	246.489652	0.003871	3.0
379	-0.188767	246.181412	0.004762	2.9
380	-0.004657	245.874197	0.000440	2.4
381	-0.192381	245.568002	0.002584	2.5
382	-0.457959	245.262822	0.007173	2.4
383	-0.430921	244.958652	0.006167	2.1
384	-0.830241	244.655485	0.022865	1.5
385	-0.928037	244.353317	0.059597	3.6
386	-0.420116	244.052142	0.006595	1.4
387	-0.000000	243.751955	0.000000	3.0
388	-0.739579	243.452750	0.013571	2.6
389	-0.639140	243.154523	0.011627	1.9
390	-0.496707	242.857268	0.014539	3.1
391	-0.905473	242.560980	0.027158	2.5
392	-0.000476	242.265654	0.000139	1.5
393	-0.481315	241.971285	0.009553	3.5
394	-0.000000	241.677868	0.000000	2.5
395	-0.363050	241.385397	0.006982	1.9
396	-0.000000	241.093869	0.000000	1.8
397	-0.804893	240.803278	0.026092	1.7
398	-0.757996	240.513619	0.028488	1.8
399	-0.000000	240.224887	0.000000	2.7
400	-0.892023	239.937077	0.007526	2.7
401	-0.967609	239.650186	0.053364	2.9
402	-0.968062	239.364207	0.038749	1.4
403	-0.003131	239.079136	0.000382	3.2
404	-0.000000	238.794969	0.000000	1.6
405	-0.637150	238.511701	0.015556	2.9
406	-0.089333	238.229327	0.005336	2.4
407	-0.000000	237.947843	0.000000	1.4
408	-0.000000	237.667244	0.000000	2.4
409	-0.000000	237.387526	0.000000	1.6
410	-0.419256	237.108684	0.017982	2.3
411	-0.491790	236.830714	0.011393	1.7
412	-0.296190	236.553610	0.011823	1.7
413	-0.581503	236.277370	0.007099	1.9
414	-0.168794	236.001989	0.003615	1.8
415	-0.000000	235.727461	0.000000	2.5
416	-0.634019	235.453784	0.008857	2.7
417	-0.922470	235.180952	0.019709	2.9
418	-0.045914	234.908962	0.002638	2.6
419	-0.163266	234.637809	0.012180	2.7
420	-0.667180	234.367488	0.013620	1.5
421	-0.830136	234.097997	0.029389	2.2
422	-0.139584	233.829331	0.005094	1.9
423	-0.347457	233.561485	0.010557	2.6
424	-0.621783	233.294456	0.013997	1.7
425	-0.662085	233.028239	0.013829	2.7
426	-0.881419	232.762831	0.034765	1.5
427	-0.644906	232.498228	0.017259	3.2
428	-0.000000	232.234425	0.000000	1.6
429	-0.000002	231.971419	0.000001	2.9
430	-0.000000	231.709205	0.000000	1.7
431	-0.000000	231.447781	0.000000	2.1
432	-0.007943	231.187141	0.000950	2.5
433	-0.514769	230.927283	0.012516	1.5
434	-0.701077	230.668202	0.017495	2.3
435	-0.877099	230.409895	0.016634	2.2
436	-0.817445	230.152358	0.035946	3.1
437	-0.910579	229.895587	0.011823	1.7
438	-0.255942	229.639578	0.006596	2.2
439	-0.000000	229.384329	0.000000	2.4
440	-0.019859	229.129834	0.001815	1.7
441	-0.864144	228.876091	0.011203	3.2
442	-0.660630	228.623096	0.028393	1.5
443	-1.003567	228.370846	0.036111	3.1
444	-0.139820	228.119336	0.007142	2.6
445	-0.163698	227.868563	0.005822	1.5
446	-0.456292	227.618525	0.009228	2.3
447	-0.508771	227.369216	0.012986	2.7
448	-1.090347	227.120635	0.042348	2.9
449	-0.000000	226.872777	0.000000	2.6
450	-0.896306	226.625638	0.012454	2.0
451	-0.528481	226.379217	0.013684	1.8
452	-0.000000	226.133509	0.000000	2.7
453	-0.000000	225.888510	0.000000	2.5
454	-0.029137	225.644218	0.003825	1.3
455	-0.000000	225.400630	0.000000	3.2
456	-0.565813	225.157741	0.012471	1.7
457	-0.000428	224.915549	0.000334	3.0
458	-0.059397	224.674051	0.001934	2.0
459	-0.551197	224.433242	0.030400	1.7
460	-0.174860	224.193121	0.002019	2.7
461	-0.356087	223.953684	0.007048	1.8
462	-0.578092	223.714927	0.005745	2.0
463	-0.749674	223.476848	0.006258	2.2
464	-0.000000	223.239444	0.000000	2.6
465	-0.151663	223.002710	0.006742	2.4
466	-0.976449	222.766645	0.020423	1.6
467	-0.129433	222.531245	0.005540	2.1
468	-0.268897	222.296508	0.005296	2.3
469	-1.051993	222.062429	0.053542	1.6
470	-0.681972	221.829007	0.020653	3.1
471	-0.154209	221.596238	0.009236	1.6
472	-0.129425	221.364119	0.002610	2.5
473	-0.648869	221.132647	0.008921	2.7
474	-0.238413	220.901820	0.005136	1.6
475	-0.255632	220.671634	0.002884	2.5
476	-0.358308	220.442086	0.002971	1.7
477	-0.000000	220.213174	0.000000	2.1
478	-0.898391	219.984895	0.008797	1.7
479	-0.975963	219.757246	0.015599	2.2
480	-0.047162	219.530224	0.004285	1.8
481	-0.678857	219.303826	0.010880	1.9
482	-0.000000	219.078050	0.000000	2.9
483	-0.000000	218.852893	0.000000	2.4
484	-0.000000	218.628352	0.000000	1.8
485	-0.000000	218.404424	0.000000	1.3
486	-0.010351	218.181106	0.000790	2.2
487	-0.458712	217.958397	0.006138	3.1
488	-0.949711	217.736292	0.025334	1.9
489	-0.554321	217.514790	0.022629	1.8
490	-0.000000	217.293888	0.000000	1.5
491	-0.045440	217.073584	0.001556	1.6
492	-0.537376	216.853873	0.007338	2.0
493	-0.821387	216.634755	0.037460	2.5
494	-0.000000	216.416227	0.000000	1.9
495	-0.000002	216.198285	0.000001	1.3
496	-0.959522	215.980927	0.020373	2.2
497	-0.859214	215.764151	0.031435	1.6
498	-0.441724	215.547955	0.013361	2.6
499	-0.686072	215.332335	0.008453	2.5
500	-0.271572	215.117289	0.004932	1.5
501	-0.390965	214.902815	0.004770	3.0
502	-0.057153	214.688911	0.001836	1.6
503	-0.000000	214.475573	0.000000	2.5
504	-0.017277	214.262800	0.001824	1.6
505	-0.904252	214.050588	0.010241	2.1
506	-0.033746	213.838936	0.001418	2.9
507	-0.000000	213.627842	0.000000	1.8
508	-0.544071	213.417302	0.007079	1.5
509	-0.287317	213.207314	0.003490	2.5
510	-0.000000	212.997877	0.000000	2.6
511	-0.981628	212.788987	0.050097	2.4
512	-0.557957	212.580642	0.008171	2.8
513	-0.996827	212.372841	0.011456	1.6
514	-0.753829	212.165581	0.026044	2.1
515	-0.599326	211.958859	0.007158	1.4
516	-0.283464	211.752673	0.013366	1.9
517	-1.024572	211.547021	0.030775	1.7
518	-0.000001	211.341902	0.000001	2.0
519	-0.000000	211.137311	0.000000	2.5
520	-0.000000	210.933248	0.000000	1.3
521	-0.384459	210.729710	0.003840	2.0
522	-0.678269	210.526695	0.010357	1.5
523	-0.958201	210.324200	0.046964	3.0
524	-0.547465	210.122224	0.013195	2.5
525	-0.650322	209.920765	0.018232	2.3
526	-0.966569	209.719820	0.012346	1.7
527	-0.890071	209.519387	0.041725	2.6
528	-0.000000	209.319463	0.000000	2.7
529	-0.927849	209.120048	0.047355	3.4
530	-0.871005	208.921139	0.011599	2.2
531	-0.752125	208.722733	0.044103	1.5
532	-0.585340	208.524829	0.025094	2.4
533	-0.667534	208.327425	0.009164	1.7
534	-0.000000	208.130518	0.000000	2.5
535	-0.473619	207.934107	0.006590	1.8
536	-0.479456	207.738189	0.011027	1.7
537	-0.948401	207.542762	0.051261	2.4
538	-0.529537	207.347825	0.011881	1.6
539	-0.009325	207.153376	0.000980	2.9
540	-0.006169	206.959412	0.000045	2.4
541	-0.608638	206.765932	0.025245	1.6
542	-1.045269	206.572933	0.053854	2.5
543	-0.031578	206.380414	0.002292	3.0
544	-0.792411	206.188373	0.011308	2.2
545	-0.532908	205.996807	0.008927	1.6
546	-0.754568	205.805716	0.013619	2.4
547	-0.273189	205.615096	0.001943	2.2
548	-0.000000	205.424946	0.000000	1.5
549	-0.781320	205.235265	0.017877	2.3
550	-0.438837	205.046050	0.007854	2.3
551	-0.667899	204.857299	0.011668	1.4
552	-0.945262	204.669011	0.045572	3.0
553	-0.697560	204.481184	0.044016	1.8
554	-0.320352	204.293816	0.006056	2.8
555	-0.089330	204.106905	0.006613	2.4
556	-0.912138	203.920449	0.033222	1.8
557	-0.000000	203.734447	0.000000	3.0
558	-0.319206	203.548896	0.015379	1.4
559	-0.424542	203.363795	0.006520	3.1
560	-0.000000	203.179143	0.000000	1.5
561	-0.722836	202.994937	0.027247	2.5
562	-0.447605	202.811176	0.005756	2.2
563	-0.899800	202.627857	0.020746	1.5
564	-0.577860	202.444980	0.014195	2.6
565	-0.559767	202.262543	0.011706	1.4
566	-0.145847	202.080543	0.004422	2.7
567	-0.113860	201.898979	0.003002	2.0
568	-0.559955	201.717849	0.012601	2.8
569	-0.000000	201.537153	0.000000	1.9
570	-0.546700	201.356887	0.011067	1.8
571	-0.742795	201.177050	0.009913	2.6
572	-0.519013	200.997642	0.009179	2.4
573	-0.469979	200.818659	0.007995	3.0
574	-0.615132	200.640100	0.006471	1.6
575	-0.717232	200.461965	0.013911	2.6
576	-0.587454	200.284250	0.007762	2.7
577	-0.531245	200.106955	0.019210	2.6
578	-0.697649	199.930078	0.051873	1.6
579	-0.309658	199.753617	0.004025	2.0
580	-0.477878	199.577571	0.012419	2.8
581	-0.008395	199.401938	0.001174	3.0
582	-0.986931	199.226717	0.022104	2.9
583	-0.000000	199.051905	0.000000	3.1
584	-0.000000	198.877502	0.000000	1.7
585	-0.562189	198.703506	0.016602	2.6
586	-0.913228	198.529916	0.044825	2.7
587	-0.000000	198.356729	0.000000	2.5
588	-0.752956	198.183944	0.013935	1.7
589	-0.471452	198.011560	0.006136	2.2
590	-1.107018	197.839576	0.041321	2.4
591	-0.000013	197.667989	0.000005	2.0
592	-0.000000	197.496798	0.000000	1.6
593	-0.465825	197.326002	0.007906	2.7
594	-0.000000	197.155600	0.000000	1.2
595	-0.000000	196.985589	0.000000	3.8
596	-0.000395	196.815969	0.000256	1.7
597	-0.000000	196.646738	0.000000	1.8
598	-0.709481	196.477894	0.010947	2.4
599	-0.001430	196.309436	0.000028	1.8
600	-0.108050	196.141363	0.007497	1.7
601	-0.929344	195.973673	0.028671	2.1
602	-0.000000	195.806365	0.000000	2.2
603	-0.715019	195.639437	0.046367	2.2
604	-0.000007	195.472888	0.000006	1.7
605	-0.000002	195.306717	0.000005	2.6
606	-1.127393	195.140922	0.039485	2.6
607	-0.556845	194.975501	0.006533	2.9
608	-0.553339	194.810454	0.012951	1.6
609	-0.000123	194.645779	0.000109	2.1
610	-0.577273	194.481475	0.008473	2.6
611	-1.068064	194.317540	0.019441	1.8
612	-0.000000	194.153973	0.000000	1.6
613	-0.000444	193.990773	0.000402	1.8
614	-0.695879	193.827938	0.009526	2.8
615	-0.922960	193.665467	0.007697	1.5
616	-0.000002	193.503358	0.000001	3.4
617	-0.944737	193.341611	0.069410	2.0
618	-0.091913	193.180224	0.005071	1.9
619	-0.859007	193.019196	0.012879	1.6
620	-0.585753	192.858525	0.035324	2.0
621	-0.615235	192.698210	0.005564	2.4
622	-0.579695	192.538251	0.023821	2.0
623	-0.538296	192.378644	0.017231	2.4
624	-0.253878	192.219391	0.007158	1.5
625	-0.957758	192.060488	0.024159	1.9
626	-0.002742	191.901935	0.000037	2.9
627	-0.732300	191.743730	0.011362	1.4
628	-1.085867	191.585873	0.010321	2.7
629	-0.848862	191.428362	0.012481	2.5
630	-0.931784	191.271196	0.016591	2.8
631	-0.000000	191.114374	0.000000	1.7
632	-1.011030	190.957893	0.024875	2.2
633	-0.756576	190.801755	0.014710	2.4
634	-0.431879	190.645956	0.017436	2.3
635	-0.768524	190.490495	0.021026	2.6
636	-0.653026	190.335373	0.017320	3.0
637	-1.125453	190.180587	0.018284	2.2
638	-0.945648	190.026136	0.020692	2.1
639	-1.011670	189.872019	0.048229	1.9
640	-0.071643	189.718235	0.005690	2.2
641	-0.485921	189.564782	0.015960	2.4
642	-0.938881	189.411661	0.046373	1.8
643	-0.729277	189.258868	0.021299	2.1
644	-0.424698	189.106404	0.006731	3.0
645	-0.069506	188.954267	0.006645	1.4
646	-0.810601	188.802456	0.032933	3.0
647	-0.000000	188.650969	0.000000	2.2
648	-0.887485	188.499807	0.036222	1.8
649	-0.420997	188.348967	0.005861	2.0
650	-0.742249	188.198448	0.024417	2.6
651	-0.925793	188.048250	0.022799	2.6
652	-0.498464	187.898371	0.007380	1.9
653	-0.007537	187.748810	0.000997	1.7
654	-0.342744	187.599566	0.011490	3.0
655	-0.000626	187.450638	0.000084	2.3
656	-0.000000	187.302025	0.000000	2.2
657	-0.275420	187.153725	0.002665	3.1
658	-0.791534	187.005739	0.012673	2.5
659	-0.017678	186.858064	0.001709	2.9
660	-0.751433	186.710699	0.008103	1.7
661	-0.666718	186.563645	0.010145	2.9
662	-0.742251	186.416898	0.038853	3.0
663	-0.000047	186.270459	0.000029	1.9
664	-0.757330	186.124326	0.050098	2.7
665	-0.463646	185.978499	0.004080	1.6
666	-0.321636	185.832976	0.002468	3.1
667	-0.804250	185.687756	0.030972	1.6
668	-0.000000	185.542838	0.000000	2.4
669	-0.000004	185.398222	0.000003	1.6
670	-0.867604	185.253906	0.028366	2.7
671	-0.626317	185.109889	0.027428	1.6
672	-0.831866	184.966170	0.036124	2.3
673	-0.000000	184.822748	0.000000	2.5
674	-0.000000	184.679623	0.000000	1.4
675	-0.887596	184.536792	0.005431	3.0
676	-0.000000	184.394256	0.000000	2.6
677	-0.664155	184.252013	0.014210	2.9
678	-0.200319	184.110062	0.004250	1.6
679	-0.000000	183.968403	0.000000	3.3
680	-0.562946	183.827034	0.007764	2.8
681	-0.717762	183.685954	0.010713	2.8
682	-0.662726	183.545163	0.021865	2.5
683	-0.262259	183.404658	0.002509	1.6
684	-0.000000	183.264441	0.000000	2.5
685	-0.000000	183.124509	0.000000	2.0
686	-0.597473	182.984861	0.012346	2.5
687	-0.634379	182.845497	0.035470	2.5
688	-0.793639	182.706416	0.043843	1.6
689	-0.850215	182.567616	0.010457	2.9
690	-0.851339	182.429098	0.011772	2.4
691	-0.186043	182.290859	0.009448	2.6
692	-0.595950	182.152899	0.007640	2.8
693	-0.397673	182.015217	0.004385	2.6
694	-0.000000	181.877813	0.000000	2.9
695	-0.000000	181.740684	0.000000	2.8
696	-0.299666	181.603832	0.004174	2.9
697	-0.006732	181.467253	0.000745	2.1
698	-1.059509	181.330948	0.035921	2.0
699	-0.671877	181.194916	0.008824	2.5
700	-0.837691	181.059155	0.010159	3.0
701	-0.084854	180.923666	0.001651	1.7
702	-0.000007	180.788446	0.000005	3.5
703	-0.806521	180.653496	0.052265	2.4
704	-0.000000	180.518814	0.000000	2.9
705	-0.000000	180.384399	0.000000	1.4
706	-0.000000	180.250251	0.000000	2.0
707	-0.862280	180.116369	0.026942	2.9
708	-0.201473	179.982752	0.011852	1.6
709	-0.000000	179.849398	0.000000	2.9
710	-0.944647	179.716308	0.041234	3.0
711	-0.576591	179.583480	0.008182	2.5
712	-0.000000	179.450913	0.000000	2.2
713	-0.552954	179.318607	0.015393	2.5
714	-0.529222	179.186561	0.010145	1.8
715	-0.902179	179.054774	0.028214	3.6
716	-0.703613	178.923245	0.010137	2.1
717	-0.000000	178.791973	0.000000	1.2
718	-1.031965	178.660958	0.013131	3.1
719	-0.440915	178.530199	0.008803	1.6
720	-0.620674	178.399694	0.013482	2.9
721	-0.000000	178.269444	0.000000	2.1
722	-0.704380	178.139447	0.056565	2.1
723	-0.569802	178.009702	0.018567	2.6
724	-0.891079	177.880209	0.031044	1.7
725	-0.311992	177.750967	0.002874	2.4
726	-0.415644	177.621975	0.008801	1.6
727	-0.881332	177.493232	0.022491	3.0
728	-0.403066	177.364738	0.007294	2.5
729	-0.348372	177.236492	0.009803	2.4
730	-0.424278	177.108492	0.019158	2.0
731	-0.996250	176.980739	0.012215	2.0
732	-0.514626	176.853231	0.010946	3.1
733	-0.445293	176.725968	0.004228	1.5
734	-0.363995	176.598949	0.012607	2.6
735	-0.736159	176.472173	0.017175	3.1
736	-0.339248	176.345639	0.008040	2.4
737	-0.721139	176.219348	0.027502	2.3
738	-0.000000	176.093296	0.000000	1.6
739	-0.000001	175.967486	0.000000	3.2
740	-0.003076	175.841914	0.000069	3.8
741	-0.653992	175.716581	0.018621	1.9
742	-0.918166	175.591486	0.029134	2.2
743	-0.561487	175.466629	0.009145	2.3
744	-0.229469	175.342008	0.003260	1.5
745	-0.000000	175.217622	0.000000	2.7
746	-0.992019	175.093472	0.025145	2.5
747	-0.272269	174.969556	0.010351	1.7
748	-0.659388	174.845873	0.013496	2.0
749	-0.144493	174.722423	0.006074	2.1
750	-0.968358	174.599206	0.020746	2.7
751	-0.649878	174.476220	0.006215	3.0
752	-0.714188	174.353464	0.015874	2.3
753	-0.000058	174.230939	0.000026	1.4
754	-0.468197	174.108643	0.012045	2.1
755	-0.589269	173.986576	0.005569	1.7
756	-1.111348	173.864737	0.030328	3.4
757	-0.000000	173.743124	0.000000	1.9
758	-0.701896	173.621739	0.030926	1.6
759	-0.553767	173.500579	0.009202	2.0
760	-0.000001	173.379645	0.000001	2.1
761	-0.794403	173.258935	0.011894	2.7
762	-1.079698	173.138449	0.043470	2.8
763	-0.301551	173.018186	0.009364	2.9
764	-0.010132	172.898146	0.001662	2.7
765	-0.267438	172.778327	0.005669	2.8
766	-0.963561	172.658730	0.008719	2.8
767	-0.059966	172.539353	0.005086	2.9
768	-0.999127	172.420196	0.056580	2.8
769	-0.096110	172.301258	0.006683	2.4
770	-0.821809	172.182539	0.008127	3.1
771	-0.886200	172.064037	0.023947	1.7
772	-0.740438	171.945753	0.007653	2.2
773	-0.000000	171.827686	0.000000	2.5
774	-0.009092	171.709834	0.001745	1.6
775	-0.625057	171.592198	0.007230	2.1
776	-0.536214	171.474776	0.013218	2.9
777	-0.249380	171.357568	0.004290	2.0
778	-0.000000	171.240574	0.000000	2.0
779	-1.087925	171.123793	0.016055	1.9
780	-0.000000	171.007223	0.000000	2.3
781	-0.000000	170.890865	0.000000	1.4
782	-0.839141	170.774718	0.024883	2.3
783	-0.000000	170.658782	0.000000	2.5
784	-1.052008	170.543055	0.056009	2.6
785	-0.034050	170.427537	0.001166	1.6
786	-0.157472	170.312227	0.002081	2.6
787	-0.000001	170.197125	0.000001	2.8
788	-0.707606	170.082231	0.007459	3.1
789	-1.061464	169.967543	0.020659	1.6
790	-0.385738	169.853061	0.009372	3.5
791	-0.560277	169.738784	0.014016	2.4
792	-0.781789	169.624713	0.009655	1.8
793	-0.000000	169.510845	0.000000	1.7
794	-0.372647	169.397181	0.007029	2.2
795	-0.875417	169.283720	0.023815	2.8
796	-0.584030	169.170462	0.010108	2.8
797	-0.773320	169.057405	0.020644	3.0
798	-0.618576	168.944549	0.033435	1.5
799	-0.801897	168.831895	0.008737	2.7
800	-0.000001	168.719440	0.000001	2.5
801	-0.000591	168.607185	0.000277	1.8
802	-0.987311	168.495129	0.039743	1.8
803	-0.753605	168.383271	0.006868	2.0
804	-0.000000	168.271611	0.000000	3.3
805	-1.054947	168.160148	0.012898	2.2
806	-1.070393	168.048882	0.038979	1.7
807	-0.000000	167.937812	0.000000	2.4
808	-0.346310	167.826938	0.010832	1.7
809	-0.729058	167.716258	0.017024	3.5
810	-0.387542	167.605773	0.006288	2.7
811	-0.000000	167.495482	0.000000	3.0
812	-0.000000	167.385384	0.000000	3.2
813	-0.536230	167.275479	0.018703	1.5
814	-0.113147	167.165766	0.007997	3.3
815	-0.000000	167.056245	0.000000	1.9
816	-0.343169	166.946915	0.005253	1.5
817	-0.979318	166.837776	0.025898	3.2
818	-0.855377	166.728826	0.040787	1.5
819	-0.284179	166.620067	0.010467	3.1
820	-0.351030	166.511496	0.005617	1.7
821	-0.580723	166.403113	0.027948	2.4
822	-0.396481	166.294919	0.025019	3.1
823	-0.694150	166.186912	0.006075	2.7
824	-0.770299	166.079091	0.016212	3.0
825	-0.478296	165.971458	0.006135	1.6
826	-0.683244	165.864009	0.010095	3.0
827	-0.133255	165.756747	0.008879	2.7
828	-1.113438	165.649669	0.021936	2.8
829	-0.700242	165.542775	0.008583	1.6
830	-0.847932	165.436065	0.015223	3.0
831	-0.032951	165.329538	0.002098	2.0
832	-0.720547	165.223194	0.008692	2.7
833	-0.107150	165.117032	0.003164	3.0
834	-0.000000	165.011052	0.000000	2.3
835	-0.000000	164.905253	0.000000	1.5
836	-0.566591	164.799635	0.027826	2.5
837	-0.615385	164.694197	0.010342	1.7
838	-0.897028	164.588939	0.045006	2.4
839	-0.000535	164.483859	0.000052	2.0
840	-0.630196	164.378959	0.007075	2.0
841	-0.481729	164.274237	0.012225	2.7
842	-0.037940	164.169692	0.002483	2.7
843	-0.122989	164.065325	0.009665	1.8
844	-0.000000	163.961135	0.000000	1.9
845	-1.132927	163.857120	0.030938	3.0
846	-0.000000	163.753282	0.000000	3.4
847	-0.000000	163.649619	0.000000	1.4
848	-0.000000	163.546130	0.000000	2.8
849	-0.006023	163.442816	0.000142	3.6
850	-1.081621	163.339676	0.024874	3.2
851	-0.623598	163.236709	0.009276	2.8
852	-0.440437	163.133915	0.025996	2.0
853	-0.000001	163.031294	0.000001	3.4
854	-1.043868	162.928844	0.010051	1.7
855	-0.002522	162.826566	0.000181	3.8
856	-0.570413	162.724459	0.009539	3.1
857	-0.475166	162.622523	0.005550	2.4
858	-0.000000	162.520757	0.000000	2.8
859	-0.941363	162.419160	0.041623	2.7
860	-0.000000	162.317733	0.000000	1.8
861	-0.985408	162.216474	0.008984	3.4
862	-1.015966	162.115383	0.051903	2.6
863	-0.000000	162.014461	0.000000	2.8
864	-0.143643	161.913705	0.003879	1.7
865	-0.000000	161.813117	0.000000	1.9
866	-0.000000	161.712695	0.000000	1.8
867	-0.004747	161.612439	0.001095	3.9
868	-0.000000	161.512349	0.000000	3.3
869	-0.334724	161.412424	0.004209	3.3
870	-0.748995	161.312663	0.013697	3.4
871	-0.684306	161.213067	0.012825	3.1
872	-0.001540	161.113635	0.000128	3.6
873	-1.070970	161.014366	0.028813	3.2
874	-0.000000	160.915260	0.000000	1.8
875	-0.042446	160.816316	0.000991	1.8
876	-0.000000	160.717535	0.000000	3.7
877	-0.413332	160.618915	0.013246	2.2
878	-0.000000	160.520456	0.000000	2.9
879	-0.000212	160.422158	0.000059	2.2
880	-0.817714	160.324021	0.010828	2.0
881	-0.065375	160.226043	0.003948	3.3
882	-0.790981	160.128225	0.028368	2.1
883	-0.572889	160.030566	0.008074	3.4
884	-1.089459	159.933066	0.020419	3.1
885	-0.271674	159.835723	0.001825	3.5
886	-0.000000	159.738539	0.000000	2.6
887	-0.367078	159.641512	0.005141	2.0
888	-1.011631	159.544642	0.039978	2.2
889	-0.697109	159.447929	0.007862	2.2
890	-0.858549	159.351372	0.041920	3.9
891	-0.791717	159.254971	0.019729	3.1
892	-0.624442	159.158725	0.033830	2.1
893	-0.300381	159.062634	0.005723	2.2
894	-0.000000	158.966697	0.000000	2.3
895	-0.664346	158.870915	0.016797	2.4
896	-0.820106	158.775286	0.014296	2.3
897	-0.000000	158.679811	0.000000	2.5
898	-0.000000	158.584489	0.000000	3.3
899	-0.909422	158.489319	0.014172	2.1
900	-0.000000	158.394302	0.000000	1.7
901	-0.000000	158.299436	0.000000	3.4
902	-0.107372	158.204721	0.003001	2.9
903	-0.813995	158.110158	0.019453	3.5
904	-0.084468	158.015745	0.005752	2.2
905	-0.894945	157.921482	0.026200	5.2
906	-0.464669	157.827369	0.010946	5.2
907	-1.098404	157.733406	0.021439	5.0
908	-0.848467	157.639591	0.043799	4.0
909	-0.545567	157.545925	0.003749	4.5
910	-0.000000	157.452408	0.000001	2.0
911	-0.924516	157.359038	0.044033	3.0
912	-0.865271	157.265816	0.062390	3.2
913	-0.289270	157.172741	0.003006	3.6
914	-0.573806	157.079813	0.006918	1.8
915	-0.791484	156.987031	0.006888	1.5
916	-1.022498	156.894395	0.047821	1.9
917	-1.047675	156.801904	0.020448	3.1
918	-0.944058	156.709559	0.020925	2.9
919	-0.629549	156.617359	0.023522	2.0
920	-1.013238	156.525304	0.017741	2.7
921	-0.845375	156.433392	0.008373	3.2
922	-0.406421	156.341624	0.003716	2.6
923	-0.757069	156.250000	0.007745	2.8
924	-0.558192	156.158519	0.005497	2.7
925	-0.279197	156.067180	0.005444	1.7
926	-0.000000	155.975984	0.000000	2.2
927	-0.793311	155.884930	0.053758	3.0
928	-0.943270	155.794017	0.017175	1.9
929	-0.507334	155.703246	0.012846	3.3
930	-0.000000	155.612615	0.000000	2.1
931	-0.028169	155.522125	0.000931	2.4
932	-0.000001	155.431775	0.000001	2.1
933	-0.520619	155.341565	0.008765	2.8
934	-0.000000	155.251495	0.000000	1.8
935	-0.268507	155.161563	0.002611	2.5
936	-0.973129	155.071771	0.023591	3.0
937	-0.553616	154.982117	0.009734	1.8
938	-1.113156	154.892601	0.023805	2.7
939	-0.002524	154.803222	0.001423	3.3
940	-0.000000	154.713981	0.000000	2.8
941	-0.539849	154.624878	0.008348	3.3
942	-1.085661	154.535910	0.016007	3.1
943	-0.921767	154.447080	0.028886	1.6
944	-0.009030	154.358385	0.000518	2.8
945	-0.662228	154.269826	0.021591	2.7
946	-0.715382	154.181402	0.008787	1.7
947	-0.818821	154.093114	0.026708	3.1
948	-0.042522	154.004960	0.000479	2.8
949	-0.032730	153.916940	0.001730	3.0
950	-0.920688	153.829054	0.009077	1.7
951	-1.022217	153.741303	0.008810	2.3
952	-0.728691	153.653684	0.035296	2.9
953	-0.118683	153.566198	0.006319	1.8
954	-0.000021	153.478846	0.000018	3.3
955	-0.681045	153.391625	0.012277	2.2
956	-1.031351	153.304537	0.009671	1.8
957	-0.822554	153.217580	0.016704	2.3
958	-0.944656	153.130755	0.020846	2.3
959	-0.027814	153.044061	0.001547	3.5
960	-0.796544	152.957498	0.028530	1.4
961	-0.580615	152.871065	0.008238	3.5
962	-0.363876	152.784762	0.013751	3.4
963	-0.873952	152.698589	0.050837	2.2
964	-0.358902	152.612545	0.015061	1.6
965	-0.843460	152.526631	0.026879	2.1
966	-0.000180	152.440845	0.000008	2.5
967	-0.732711	152.355188	0.007481	2.8
968	-0.907327	152.269660	0.033687	1.6
969	-0.525064	152.184259	0.007261	3.0
970	-0.873251	152.098986	0.009814	2.1
971	-0.900033	152.013840	0.006109	2.3
972	-0.521315	151.928821	0.007118	2.6
973	-0.000000	151.843928	0.000000	3.1
974	-0.714556	151.759163	0.019412	3.0
975	-0.675277	151.674523	0.008792	1.7
976	-0.391663	151.590009	0.007030	2.9
977	-1.072522	151.505620	0.031481	2.2
978	-0.889964	151.421357	0.007805	3.5
979	-0.380183	151.337218	0.014202	1.8
980	-0.000516	151.253204	0.000105	1.9
981	-0.548549	151.169314	0.007471	2.3
982	-0.939377	151.085549	0.043889	2.6
983	-0.768603	151.001907	0.009640	2.0
984	-0.682604	150.918388	0.014640	1.6
985	-0.599875	150.834992	0.010814	1.9
986	-0.029361	150.751719	0.002599	2.3
987	-0.450955	150.668569	0.008358	2.7
988	-0.946309	150.585541	0.034003	2.7
989	-0.000230	150.502634	0.000222	2.5
990	-1.012981	150.419849	0.030168	1.6
991	-0.000000	150.337186	0.000000	2.8
992	-0.891228	150.254644	0.047432	2.5
993	-0.708662	150.172222	0.011959	2.4
994	-1.004404	150.089921	0.006626	1.5
995	-0.001939	150.007740	0.000172	2.8
996	-0.476429	149.925679	0.007200	2.7
997	-0.667408	149.843737	0.011303	1.8
998	-0.678382	149.761915	0.034892	1.8
999	-0.658928	149.680212	0.010748	2.2
1000	-1.171769	149.598627	0.042699	1.6
1001	-0.000000	149.517161	0.000000	2.5
1002	-0.676393	149.435814	0.008130	2.9
1003	-0.000000	149.354584	0.000000	1.5
1004	-0.606973	149.273472	0.010545	1.9
1005	-0.752865	149.192477	0.008272	2.4
1006	-0.556518	149.111599	0.005603	2.7
1007	-0.236957	149.030838	0.009455	1.6
1008	-0.000000	148.950194	0.000000	1.2
1009	-0.000000	148.869666	0.000000	1.7
1010	-0.999650	148.789253	0.013163	2.3
1011	-0.669499	148.708957	0.013934	1.8
1012	-0.637287	148.628776	0.013647	2.0
1013	-0.371587	148.548710	0.007567	3.3
1014	-0.660774	148.468759	0.008207	1.9
1015	-1.086660	148.388923	0.022491	2.4
1016	-0.000000	148.309201	0.000000	2.2
1017	-0.670388	148.229594	0.008716	1.5
1018	-0.964696	148.150100	0.009219	3.5
1019	-0.700058	148.070719	0.009924	2.0
1020	-0.067072	147.991452	0.003273	1.5
1021	-0.498885	147.912298	0.032701	1.9
1022	-0.000000	147.833257	0.000000	1.6
1023	-0.613789	147.754329	0.016464	2.5
1024	-0.595132	147.675512	0.007410	2.2
1025	-0.406525	147.596808	0.005135	2.7
1026	-0.171206	147.518216	0.010137	1.7
1027	-1.010482	147.439735	0.016549	2.7
1028	-0.624993	147.361365	0.036711	1.9
1029	-0.782228	147.283106	0.007807	1.8
1030	-1.061083	147.204958	0.076826	2.8
1031	-0.941568	147.126920	0.042533	3.2
1032	-0.936507	147.048993	0.023436	3.5
1033	-0.800122	146.971175	0.005806	3.3
1034	-0.000000	146.893468	0.000000	1.7
1035	-0.284025	146.815869	0.004867	2.8
1036	-0.371182	146.738380	0.009223	3.1
1037	-0.000000	146.661000	0.000000	3.0
1038	-0.000000	146.583729	0.000000	1.6
1039	-0.647024	146.506566	0.008369	2.0
1040	-0.014753	146.429511	0.000230	3.0
1041	-0.005554	146.352565	0.000700	2.2
1042	-0.000644	146.275726	0.000061	2.0
1043	-0.530183	146.198994	0.009637	2.6
1044	-0.203531	146.122370	0.011257	1.9
1045	-0.802362	146.045853	0.006737	3.0
1046	-0.680358	145.969442	0.023735	3.2
1047	-0.818189	145.893139	0.025155	3.7
1048	-0.492219	145.816941	0.008457	3.9
1049	-0.000203	145.740849	0.000055	2.7
1050	-0.000000	145.664863	0.000000	1.2
1051	-0.000000	145.588983	0.000000	2.4
1052	-0.564603	145.513208	0.022571	1.8
1053	-0.000000	145.437538	0.000000	3.2
1054	-0.699426	145.361973	0.006816	1.7
1055	-0.584387	145.286513	0.011165	2.7
1056	-0.300495	145.211157	0.022642	3.2
1057	-0.000000	145.135905	0.000000	2.6
1058	-0.000000	145.060757	0.000000	1.3
1059	-0.000000	144.985712	0.000000	3.3
1060	-0.608107	144.910771	0.008229	1.6
1061	-0.571897	144.835934	0.008603	2.4
1062	-0.575884	144.761199	0.004935	2.0
1063	-0.178309	144.686567	0.002734	1.8
1064	-0.787052	144.612037	0.054275	2.9
1065	-0.770682	144.537610	0.008144	1.7
1066	-0.570457	144.463285	0.011451	3.8
1067	-0.663019	144.389062	0.055775	3.1
1068	-0.776421	144.314940	0.014018	2.3
1069	-0.576205	144.240920	0.021543	3.2
1070	-0.216246	144.167001	0.004512	2.4
1071	-1.018599	144.093182	0.017527	3.3
1072	-0.979242	144.019465	0.010758	2.9
1073	-0.990202	143.945848	0.026790	1.5
1074	-0.945357	143.872331	0.045392	3.7
1075	-0.607359	143.798914	0.007336	3.1
1076	-0.809919	143.725597	0.011563	2.3
1077	-0.464937	143.652380	0.007918	3.4
1078	-0.246381	143.579262	0.004353	3.4
1079	-0.715032	143.506243	0.046399	2.0
1080	-0.000000	143.433323	0.000000	1.9
1081	-0.535609	143.360502	0.010649	3.1
1082	-0.977881	143.287780	0.016467	3.3
1083	-0.611055	143.215155	0.013058	3.7
1084	-0.137261	143.142629	0.003175	2.7
1085	-0.522199	143.070201	0.008439	2.0
1086	-0.668017	142.997870	0.023326	2.6
1087	-0.680543	142.925637	0.007904	1.7
1088	-0.654391	142.853501	0.009351	3.1
1089	-0.363668	142.781462	0.003641	3.0
1090	-0.714033	142.709519	0.007928	2.9
1091	-0.744074	142.637674	0.022124	3.0
1092	-0.000000	142.565924	0.000000	2.6
1093	-0.017383	142.494271	0.000953	2.9
1094	-0.804193	142.422714	0.004614	2.3
1095	-0.000000	142.351252	0.000000	1.9
1096	-0.983723	142.279886	0.022154	4.1
1097	-0.901958	142.208616	0.011499	1.8
1098	-0.134806	142.137440	0.005044	3.0
1099	-0.197106	142.066360	0.011695	1.5
1100	-1.021823	141.995374	0.016232	3.4
1101	-0.500684	141.924483	0.008447	2.9
1102	-1.095856	141.853685	0.022925	3.5
1103	-0.263065	141.782983	0.005506	1.5
1104	-0.000000	141.712373	0.000000	3.4
1105	-0.600017	141.641858	0.004286	2.7
1106	-0.746512	141.571436	0.014600	3.0
1107	-0.365291	141.501108	0.011305	2.4
1108	-0.196446	141.430872	0.001457	1.9
1109	-0.000000	141.360730	0.000000	2.1
1110	-0.077605	141.290680	0.005952	1.6
1111	-0.000000	141.220722	0.000000	2.0
1112	-0.001965	141.150857	0.000322	2.9
1113	-0.000000	141.081084	0.000000	1.4
1114	-0.000000	141.011403	0.000000	2.0
1115	-0.000000	140.941813	0.000000	2.7
1116	-0.963168	140.872315	0.062296	2.4
1117	-0.464333	140.802909	0.019634	1.8
1118	-0.000000	140.733593	0.000000	1.8
1119	-0.796074	140.664369	0.016480	2.4
1120	-0.969839	140.595235	0.058827	1.7
1121	-0.137940	140.526192	0.007404	1.9
1122	-0.080953	140.457239	0.004391	2.6
1123	-0.140747	140.388376	0.005667	1.6
1124	-0.000000	140.319603	0.000000	2.0
1125	-0.013273	140.250920	0.000628	2.7
1126	-0.075720	140.182326	0.003174	1.8
1127	-0.009370	140.113822	0.001024	1.7
1128	-0.967214	140.045407	0.042257	2.5
1129	-0.139383	139.977081	0.002556	1.6
1130	-0.000000	139.908844	0.000000	2.0
1131	-0.000000	139.840696	0.000000	1.5
1132	-0.020583	139.772635	0.003578	2.6
1133	-0.000000	139.704664	0.000000	2.5
1134	-0.645831	139.636780	0.006243	1.4
1135	-0.227557	139.568984	0.003260	2.6
1136	-0.396880	139.501276	0.011701	1.5
1137	-0.539773	139.433655	0.009654	2.2
1138	-0.942651	139.366122	0.025603	3.2
1139	-0.603670	139.298676	0.013305	2.4
1140	-0.000000	139.231317	0.000000	1.2
1141	-1.036960	139.164045	0.043696	2.1
1142	-0.998288	139.096859	0.026768	1.9
1143	-0.678030	139.029760	0.011409	2.2
1144	-0.000587	138.962747	0.000069	2.5
1145	-0.000000	138.895820	0.000000	1.4
1146	-0.001305	138.828978	0.000377	2.3
1147	-1.060658	138.762223	0.055105	1.6
1148	-0.051006	138.695553	0.003622	1.7
1149	-0.257409	138.628969	0.010411	2.3
1150	-0.762756	138.562469	0.024083	1.6
1151	-0.000005	138.496055	0.000004	3.2
1152	-0.282298	138.429725	0.002754	2.5
1153	-0.397328	138.363481	0.006667	2.8
1154	-0.000000	138.297320	0.000000	1.6
1155	-0.763272	138.231244	0.017548	3.1
1156	-0.349619	138.165252	0.009026	2.7
1157	-0.470336	138.099344	0.007907	1.6
1158	-0.831645	138.033520	0.027772	2.2
1159	-0.846343	137.967779	0.017290	2.1
1160	-0.871680	137.902122	0.023581	2.9
1161	-0.443007	137.836548	0.002819	2.6
1162	-0.551497	137.771057	0.012748	2.1
1163	-0.046882	137.705649	0.002935	1.7
1164	-0.000000	137.640324	0.000000	2.5
1165	-0.991324	137.575081	0.027916	1.5
1166	-1.034970	137.509921	0.014596	2.9
1167	-0.000000	137.444842	0.000000	5.2
1168	-0.869576	137.379846	0.007317	3.3
1169	-0.957837	137.314932	0.025156	1.7
1170	-1.052349	137.250100	0.038931	3.5
1171	-0.463279	137.185349	0.005956	4.3
1172	-0.877488	137.120680	0.007044	3.3
1173	-0.580326	137.056092	0.010844	3.8
1174	-0.599633	136.991585	0.023612	3.9
1175	-0.000000	136.927158	0.000000	3.1
1176	-0.893882	136.862813	0.053813	4.7
1177	-0.196957	136.798548	0.004743	4.1
1178	-0.597819	136.734363	0.021636	3.8
1179	-0.064812	136.670259	0.004326	3.7
1180	-0.004349	136.606235	0.000085	6.1
1181	-0.213168	136.542291	0.004331	7.0
1182	-0.655530	136.478426	0.012254	5.9
1183	-0.034028	136.414641	0.001024	6.4
1184	-0.308307	136.350936	0.006033	5.5
1185	-0.397895	136.287310	0.008068	3.3
1186	-0.295646	136.223763	0.003901	6.4
1187	-0.741328	136.160295	0.017888	6.5
1188	-0.000000	136.096905	0.000000	4.3
1189	-0.211644	136.033594	0.004318	3.6
1190	-0.611567	135.970362	0.015575	6.9
1191	-0.000000	135.907208	0.000000	5.6
1192	-0.012435	135.844133	0.002580	6.1
1193	-0.948070	135.781135	0.014837	4.1
1194	-0.613713	135.718215	0.007418	3.1
1195	-0.542318	135.655373	0.007068	3.4
1196	-0.009200	135.592608	0.001834	4.1
1197	-0.092468	135.529921	0.005005	3.6
1198	-0.594993	135.467311	0.018386	4.2
1199	-0.321109	135.404778	0.005493	1.9
1200	-0.367438	135.342322	0.004943	3.2
1201	-0.511719	135.279942	0.021697	3.8
1202	-0.185767	135.217640	0.007540	3.6
1203	-0.668224	135.155413	0.012496	3.4
1204	-0.000000	135.093263	0.000000	2.3
1205	-0.000000	135.031190	0.000000	1.6
1206	-0.573393	134.969192	0.006125	3.2
1207	-0.462491	134.907270	0.009957	2.4
1208	-0.675213	134.845424	0.016566	1.8
1209	-0.257264	134.783653	0.012713	5.0
1210	-0.000000	134.721958	0.000000	3.3
1211	-0.738422	134.660338	0.016361	3.5
1212	-0.715405	134.598793	0.007931	3.7
1213	-0.559364	134.537323	0.010973	3.9
1214	-0.000000	134.475927	0.000000	4.2
1215	-0.585222	134.414607	0.011263	3.2
1216	-0.000000	134.353361	0.000000	3.2
1217	-0.590910	134.292189	0.005432	2.7
1218	-0.687204	134.231092	0.011485	3.2
1219	-0.560554	134.170068	0.021459	3.7
1220	-1.132300	134.109119	0.035671	3.0
1221	-0.000869	134.048243	0.000184	3.2
1222	-0.881605	133.987441	0.005939	2.2
1223	-0.512779	133.926713	0.004674	3.3
1224	-0.000049	133.866057	0.000021	4.3
1225	-0.853556	133.805475	0.009004	5.2
1226	-0.514387	133.744966	0.002371	3.9
1227	-0.531300	133.684530	0.009961	5.0
1228	-0.360636	133.624167	0.009731	3.7
1229	-0.905612	133.563877	0.038500	2.3
1230	-0.655189	133.503658	0.008277	2.2
1231	-0.776170	133.443513	0.037530	1.9
1232	-0.500921	133.383439	0.013587	1.9
1233	-0.830050	133.323437	0.007073	3.3
1234	-0.606678	133.263508	0.008333	3.1
1235	-1.015259	133.203650	0.060842	3.9
1236	-0.134925	133.143864	0.006499	4.0
1237	-0.812237	133.084149	0.012675	3.8
1238	-0.000000	133.024506	0.000000	3.5
1239	-0.656064	132.964934	0.020764	3.0
1240	-0.000000	132.905433	0.000000	3.4
1241	-0.957254	132.846003	0.023720	3.1
1242	-0.000005	132.786643	0.000002	2.2
1243	-0.462328	132.727355	0.006408	3.9
1244	-0.000000	132.668137	0.000000	3.4
1245	-0.856239	132.608989	0.009433	3.2
1246	-0.004530	132.549912	0.000775	2.6
1247	-0.845864	132.490904	0.058311	3.1
1248	-0.309593	132.431967	0.001786	2.7
1249	-0.000000	132.373100	0.000000	3.0
1250	-0.000000	132.314302	0.000000	1.8
1251	-0.038795	132.255574	0.002462	3.3
1252	-0.570472	132.196916	0.022636	2.7
1253	-0.220909	132.138326	0.001534	3.2
1254	-0.638699	132.079806	0.008769	1.6
1255	-0.665707	132.021355	0.008744	3.0
1256	-0.045410	131.962973	0.002976	3.1
1257	-0.217545	131.904660	0.008849	1.9
1258	-0.604834	131.846415	0.007749	2.0
1259	-0.200932	131.788239	0.001268	3.1
1260	-0.874282	131.730131	0.048742	1.7
1261	-0.630701	131.672092	0.012408	4.2
1262	-0.000000	131.614121	0.000000	2.6
1263	-0.180613	131.556217	0.007272	3.3
1264	-0.481387	131.498382	0.005512	2.4
1265	-0.415594	131.440614	0.006361	2.6
1266	-0.506737	131.382914	0.004120	3.0
1267	-0.006883	131.325282	0.000836	1.9
1268	-0.560483	131.267717	0.006835	2.8
1269	-0.630345	131.210219	0.010356	4.0
1270	-0.345633	131.152788	0.010880	3.3
1271	-0.899733	131.095424	0.020324	3.0
1272	-0.113765	131.038127	0.004743	1.7
1273	-0.455808	130.980897	0.004689	3.8
1274	-1.008231	130.923733	0.025087	3.4
1275	-0.000000	130.866636	0.000000	1.9
1276	-0.308063	130.809605	0.010119	3.2
1277	-0.000000	130.752641	0.000000	1.9
1278	-1.074000	130.695742	0.023660	1.9
1279	-0.046024	130.638910	0.003812	1.9
1280	-0.000000	130.582143	0.000000	2.0
1281	-0.000000	130.525442	0.000000	1.7
1282	-0.827165	130.468807	0.010006	3.7
1283	-1.045311	130.412237	0.042714	3.4
1284	-0.954169	130.355733	0.061595	2.2
1285	-0.831011	130.299294	0.011910	3.3
1286	-0.000000	130.242920	0.000000	3.2
1287	-0.488767	130.186611	0.008384	1.8
1288	-0.947018	130.130366	0.017990	5.0
1289	-0.000000	130.074187	0.000000	1.5
1290	-1.013185	130.018072	0.052999	3.4
1291	-0.240232	129.962022	0.012432	2.1
1292	-0.240218	129.906036	0.007126	2.3
1293	-0.001015	129.850114	0.000028	2.9
1294	-0.000000	129.794257	0.000000	2.9
1295	-0.880705	129.738463	0.023768	2.7
1296	-0.779815	129.682734	0.009155	3.4
1297	-0.141338	129.627068	0.004430	3.1
1298	-0.804242	129.571466	0.017970	3.5
1299	-0.625359	129.515927	0.011302	1.9
1300	-1.036860	129.460452	0.025063	3.1
1301	-0.000000	129.405040	0.000000	3.1
1302	-0.000000	129.349692	0.000000	3.3
1303	-0.000190	129.294406	0.000103	1.8
1304	-0.006720	129.239183	0.001327	1.8
1305	-0.272555	129.184024	0.009385	3.0
1306	-0.109519	129.128927	0.002372	3.0
1307	-0.766425	129.073892	0.028202	3.3
1308	-0.982897	129.018921	0.013676	3.2
1309	-0.842949	128.964011	0.014043	3.1
1310	-0.924221	128.909164	0.028836	3.3
1311	-0.000000	128.854379	0.000000	3.7
1312	-0.764802	128.799656	0.032211	3.1
1313	-1.028031	128.744995	0.023257	1.6
1314	-0.562658	128.690396	0.007582	3.9
1315	-0.798818	128.635858	0.007055	2.3
1316	-0.941755	128.581382	0.022206	1.7
1317	-0.994432	128.526968	0.015769	3.4
1318	-0.002448	128.472615	0.000342	3.0
1319	-0.545405	128.418323	0.009532	2.0
1320	-0.700360	128.364092	0.010285	1.8
1321	-0.931827	128.309922	0.022318	3.6
1322	-0.112939	128.255814	0.007168	3.2
1323	-0.000000	128.201766	0.000000	2.6
1324	-0.000000	128.147778	0.000000	1.9
1325	-0.000000	128.093852	0.000000	1.9
1326	-1.015455	128.039985	0.023518	2.9
1327	-0.112601	127.986180	0.001641	2.9
1328	-0.612933	127.932434	0.019221	3.0
1329	-0.001530	127.878749	0.000105	2.2
1330	-0.862331	127.825123	0.052632	3.2
1331	-0.000000	127.771558	0.000000	1.8
1332	-0.733912	127.718052	0.014652	3.7
1333	-0.000691	127.664606	0.000837	2.6
1334	-0.606354	127.611220	0.007269	2.7
1335	-0.172411	127.557893	0.011040	4.0
1336	-1.020723	127.504625	0.012228	3.5
1337	-0.732197	127.451417	0.014713	2.1
1338	-0.998590	127.398268	0.017475	3.2
1339	-0.993053	127.345178	0.013659	3.0
1340	-0.580400	127.292147	0.009107	3.2
1341	-0.516999	127.239175	0.012185	3.3
1342	-0.000155	127.186261	0.000054	3.3
1343	-0.702211	127.133407	0.010926	3.7
1344	-0.523999	127.080610	0.008147	3.4
1345	-0.704659	127.027872	0.012038	3.6
1346	-0.000000	126.975193	0.000000	2.3
1347	-0.001074	126.922572	0.000142	3.4
1348	-0.670034	126.870008	0.027057	3.5
1349	-0.000000	126.817503	0.000000	3.4
1350	-0.613075	126.765056	0.008937	1.9
1351	-0.491724	126.712667	0.027491	3.2
1352	-0.174792	126.660335	0.003803	1.8
1353	-0.440949	126.608061	0.007870	2.5
1354	-0.028343	126.555844	0.001492	4.2
1355	-0.386330	126.503685	0.005198	3.1
1356	-0.550238	126.451583	0.016802	3.3
1357	-0.000000	126.399538	0.000000	1.9
1358	-0.000000	126.347550	0.000000	1.6
1359	-0.650158	126.295619	0.012423	3.8
1360	-0.160741	126.243745	0.001902	2.7
1361	-0.890179	126.191928	0.011074	3.8
1362	-0.713635	126.140168	0.008047	3.1
1363	-0.024155	126.088464	0.001765	2.7
1364	-0.303747	126.036817	0.007755	3.2
1365	-0.488886	125.985226	0.004350	2.8
1366	-0.931716	125.933691	0.015248	3.6
1367	-0.259367	125.882212	0.016072	2.1
1368	-0.555118	125.830790	0.008792	1.9
1369	-0.000031	125.779423	0.000024	3.2
1370	-0.032000	125.728113	0.002129	2.4
1371	-1.074648	125.676858	0.007242	1.9
1372	-1.114199	125.625659	0.044258	3.6
1373	-0.986919	125.574515	0.035871	1.7
1374	-0.595468	125.523427	0.010978	2.4
1375	-0.540030	125.472394	0.006915	1.8
1376	-0.464225	125.421417	0.007385	1.8
1377	-0.107926	125.370495	0.006401	3.5
1378	-0.000000	125.319628	0.000000	1.8
1379	-0.797934	125.268815	0.008269	2.1
1380	-0.113748	125.218058	0.005650	2.7
1381	-0.599685	125.167356	0.008118	2.3
1382	-0.928355	125.116708	0.023295	2.0
1383	-0.772737	125.066115	0.018836	2.2
1384	-0.650062	125.015576	0.010730	3.6
1385	-0.447771	124.965092	0.009900	3.0
1386	-0.000001	124.914662	0.000001	1.7
1387	-0.000000	124.864287	0.000000	3.2
1388	-0.971238	124.813965	0.013376	2.1
1389	-0.000000	124.763698	0.000000	1.9
1390	-0.681617	124.713485	0.010002	3.4
1391	-0.668209	124.663325	0.008221	1.8
1392	-0.660884	124.613219	0.004650	4.3
1393	-0.607844	124.563167	0.011065	2.0
1394	-0.242388	124.513168	0.008023	4.1
1395	-0.000003	124.463223	0.000000	2.7
1396	-0.561855	124.413332	0.005359	3.4
1397	-0.784141	124.363493	0.004612	2.0
1398	-0.790175	124.313708	0.017286	3.4
1399	-1.003998	124.263976	0.013346	2.9
1400	-0.018785	124.214297	0.000603	3.0
1401	-0.000046	124.164671	0.000020	3.1
1402	-0.597402	124.115097	0.011456	2.3
1403	-0.837414	124.065577	0.017759	2.7
1404	-0.584340	124.016109	0.009125	1.8
1405	-0.611196	123.966693	0.013631	2.2
1406	-0.027718	123.917330	0.002935	3.0
1407	-0.927338	123.868020	0.009827	2.2
1408	-1.110702	123.818762	0.020114	2.1
1409	-1.059475	123.769556	0.033180	4.1
1410	-0.000000	123.720402	0.000000	1.5
1411	-0.059811	123.671300	0.005160	2.8
1412	-0.060139	123.622250	0.002137	3.3
1413	-0.123523	123.573252	0.002347	2.4
1414	-0.443096	123.524305	0.005823	1.8
1415	-0.000000	123.475411	0.000000	2.6
1416	-0.676691	123.426568	0.010249	2.8
1417	-0.967843	123.377776	0.048811	2.9
1418	-0.802992	123.329036	0.034808	3.1
1419	-0.000000	123.280347	0.000000	2.2
1420	-0.674830	123.231709	0.021850	2.5
1421	-0.574940	123.183122	0.009056	2.2
1422	-0.521905	123.134587	0.009838	1.8
1423	-0.000000	123.086102	0.000000	2.0
1424	-0.246094	123.037669	0.002509	3.1
1425	-1.002004	122.989286	0.015955	2.0
1426	-0.536760	122.940954	0.006600	3.4
1427	-0.570170	122.892672	0.010814	2.0
1428	-0.000000	122.844441	0.000000	3.0
1429	-0.444904	122.796261	0.011350	2.7
1430	-0.418264	122.748130	0.009757	3.9
1431	-0.840725	122.700050	0.018094	2.7
1432	-1.035388	122.652021	0.014379	1.7
1433	-0.000705	122.604041	0.000026	3.5
1434	-0.470118	122.556111	0.011663	2.3
1435	-0.000000	122.508232	0.000000	3.1
1436	-0.000000	122.460402	0.000000	3.2
1437	-0.685238	122.412622	0.006189	1.6
1438	-0.072382	122.364891	0.005503	3.1
1439	-0.586479	122.317210	0.007080	1.9
1440	-0.522365	122.269579	0.008278	2.6
1441	-0.833027	122.221997	0.016879	2.8
1442	-0.004050	122.174465	0.000067	3.3
1443	-0.883372	122.126981	0.024521	2.6
1444	-0.743993	122.079547	0.013403	1.9
1445	-0.491004	122.032162	0.015231	2.3
1446	-0.740646	121.984826	0.010804	2.2
1447	-0.002690	121.937539	0.000312	2.4
1448	-0.772420	121.890301	0.013740	3.2
1449	-0.723873	121.843112	0.008029	1.9
1450	-0.825133	121.795971	0.012532	2.2
1451	-0.000000	121.748879	0.000000	2.1
1452	-0.479642	121.701835	0.010087	3.5
1453	-0.572536	121.654840	0.007104	3.1
1454	-0.934376	121.607893	0.029093	2.3
1455	-0.000001	121.560994	0.000001	1.9
1456	-0.000000	121.514144	0.000000	3.1
1457	-1.068089	121.467342	0.039653	2.3
1458	-0.617842	121.420588	0.006511	2.5
1459	-0.988202	121.373882	0.041946	3.3
1460	-0.562385	121.327223	0.007812	2.1
1461	-0.265198	121.280613	0.008198	1.8
1462	-1.023327	121.234050	0.034693	2.1
1463	-0.000000	121.187535	0.000000	2.7
1464	-0.000064	121.141067	0.000016	3.1
1465	-0.000000	121.094647	0.000000	1.4
1466	-0.067816	121.048274	0.002717	2.4
1467	-0.000000	121.001949	0.000000	3.1
1468	-1.023889	120.955671	0.030563	2.2
1469	-0.760858	120.909440	0.007981	1.5
1470	-0.386862	120.863256	0.007811	1.9
1471	-0.124674	120.817119	0.008120	3.2
1472	-0.004475	120.771029	0.000802	2.9
1473	-0.685186	120.724986	0.011928	3.3
1474	-0.266614	120.678990	0.005982	1.8
1475	-0.548200	120.633040	0.019450	2.1
1476	-0.000000	120.587137	0.000000	1.5
1477	-0.094958	120.541281	0.001960	2.2
1478	-0.956931	120.495471	0.045632	1.6
1479	-0.573586	120.449707	0.010047	2.7
1480	-0.070332	120.403990	0.003704	2.2
1481	-0.149165	120.358319	0.007775	1.9
1482	-0.916107	120.312694	0.008089	2.2
1483	-0.075949	120.267115	0.003019	3.5
1484	-0.466681	120.221582	0.003611	2.9
1485	-0.310377	120.176096	0.003804	2.9
1486	-0.925950	120.130655	0.054065	2.8
1487	-0.609200	120.085260	0.008695	1.9
1488	-0.381086	120.039910	0.005579	2.4
1489	-0.916719	119.994606	0.011074	2.2
1490	-1.044981	119.949348	0.025385	3.2
1491	-0.832405	119.904135	0.012401	2.9
1492	-0.429872	119.858968	0.005828	2.1
1493	-1.138770	119.813846	0.032176	2.3
1494	-1.099548	119.768769	0.027608	1.8
1495	-0.000000	119.723738	0.000000	3.7
1496	-0.770179	119.678752	0.014925	1.9
1497	-0.779593	119.633810	0.026696	2.1
1498	-0.969891	119.588914	0.020489	3.4
1499	-0.520367	119.544062	0.006418	3.1
1500	-1.104791	119.499256	0.011742	1.6
1501	-0.948666	119.454494	0.017462	2.9
1502	-0.000006	119.409777	0.000003	2.7
1503	-1.081347	119.365104	0.048592	3.4
1504	-0.484022	119.320476	0.009716	2.9
1505	-0.502516	119.275893	0.005399	2.4
1506	-0.005280	119.231353	0.000482	1.6
1507	-0.000000	119.186859	0.000000	2.4
1508	-0.758295	119.142408	0.019044	1.5
1509	-0.727547	119.098002	0.050001	2.7
1510	-0.932721	119.053639	0.030075	3.6
1511	-0.000000	119.009321	0.000000	3.2
1512	-0.000008	118.965047	0.000005	2.2
1513	-1.067202	118.920816	0.065705	1.8
1514	-0.532057	118.876630	0.007708	2.9
1515	-1.035760	118.832487	0.014390	3.5
1516	-0.756885	118.788388	0.007670	2.7
1517	-0.004301	118.744332	0.000001	2.7
1518	-1.009192	118.700320	0.010081	3.3
1519	-0.665217	118.656352	0.009138	2.4
1520	-0.991433	118.612427	0.037272	1.8
1521	-0.287177	118.568545	0.004754	3.5
1522	-0.410847	118.524706	0.020975	2.4
1523	-0.692792	118.480911	0.008327	2.2
1524	-0.611539	118.437159	0.009357	3.5
1525	-0.171166	118.393450	0.005290	1.6
1526	-0.253368	118.349784	0.013294	3.5
1527	-0.216881	118.306160	0.005528	3.1
1528	-0.000000	118.262580	0.000000	2.2
1529	-0.720540	118.219042	0.011912	1.8
1530	-0.308240	118.175548	0.004299	3.3
1531	-0.732446	118.132095	0.029826	2.7
1532	-0.000000	118.088686	0.000000	1.3
1533	-0.018771	118.045319	0.003912	2.0
1534	-1.074578	118.001994	0.071172	3.0
1535	-0.000000	117.958712	0.000000	2.8
1536	-0.946704	117.915472	0.031109	3.0
1537	-0.000000	117.872274	0.000000	3.0
1538	-0.784056	117.829118	0.014538	3.2
1539	-0.756223	117.786005	0.024075	2.9
1540	-0.026035	117.742933	0.003053	3.0
1541	-0.957095	117.699904	0.025536	3.0
1542	-0.000000	117.656916	0.000000	2.6
1543	-0.090425	117.613971	0.003944	2.4
1544	-0.367897	117.571067	0.011857	2.2
1545	-0.000000	117.528205	0.000000	1.3
1546	-0.710702	117.485384	0.009974	2.8
1547	-0.534680	117.442605	0.006396	2.0
1548	-0.828199	117.399867	0.022581	2.1
1549	-0.936717	117.357171	0.031630	2.2
1550	-0.738312	117.314517	0.012695	3.0
1551	-0.370968	117.271903	0.009016	3.2
1552	-0.551863	117.229331	0.006465	3.0
1553	-0.338764	117.186800	0.003229	2.7
1554	-0.142730	117.144311	0.005901	3.2
1555	-0.959404	117.101862	0.013556	1.8
1556	-0.000000	117.059454	0.000000	2.6
1557	-1.063830	117.017087	0.020787	2.0
1558	-0.213248	116.974762	0.001869	1.9
1559	-0.466994	116.932476	0.005538	3.0
1560	-0.954220	116.890232	0.013715	1.9
1561	-1.008863	116.848028	0.045942	2.5
1562	-0.000000	116.805865	0.000000	3.1
1563	-0.812610	116.763743	0.017154	3.1
1564	-0.592377	116.721661	0.010908	2.5
1565	-0.989562	116.679619	0.025415	2.2
1566	-1.017692	116.637618	0.010185	1.9
1567	-1.072218	116.595657	0.012229	2.9
1568	-0.055924	116.553736	0.004097	2.9
1569	-0.835097	116.511855	0.005022	1.9
1570	-0.844296	116.470015	0.010253	4.0
1571	-0.079471	116.428214	0.002561	2.3
1572	-0.726832	116.386454	0.027053	2.0
1573	-0.293327	116.344733	0.008229	2.1
1574	-0.773764	116.303052	0.011419	2.5
1575	-1.120980	116.261412	0.043720	2.5
1576	-0.919055	116.219810	0.007412	2.8
1577	-1.004900	116.178249	0.027194	3.5
1578	-0.869140	116.136727	0.015467	1.7
1579	-0.000000	116.095245	0.000000	1.8
1580	-0.000000	116.053802	0.000000	2.9
1581	-0.937865	116.012398	0.044954	2.9
1582	-0.004246	115.971034	0.000357	3.0
1583	-1.106048	115.929710	0.030309	3.1
1584	-0.000000	115.888424	0.000000	2.4
1585	-0.600387	115.847178	0.008083	2.4
1586	-1.019237	115.805970	0.025750	3.0
1587	-1.172018	115.764802	0.030682	1.7
1588	-1.061358	115.723673	0.040260	2.5
1589	-0.779959	115.682583	0.020093	2.1
1590	-0.945605	115.641532	0.014218	2.9
1591	-1.052163	115.600519	0.043215	2.9
1592	-0.027499	115.559546	0.001428	2.7
1593	-0.766299	115.518610	0.073906	3.2
1594	-0.740171	115.477714	0.006494	2.5
1595	-0.052573	115.436856	0.004253	2.9
1596	-0.594369	115.396037	0.036729	2.9
1597	-0.000417	115.355256	0.000005	1.7
1598	-0.831667	115.314514	0.015759	2.5
1599	-0.361379	115.273810	0.006071	3.0
1600	-0.890533	115.233144	0.015280	2.9
1601	-1.012706	115.192517	0.013509	2.9
1602	-0.000000	115.151927	0.000000	2.9
1603	-0.786231	115.111376	0.028969	3.3
1604	-1.000941	115.070863	0.007773	1.8
1605	-0.984735	115.030388	0.027546	3.2
1606	-0.917464	114.989951	0.023436	3.3
1607	-0.429654	114.949551	0.025000	2.3
1608	-0.534166	114.909190	0.009749	1.8
1609	-0.944333	114.868866	0.025762	2.0
1610	-0.652925	114.828580	0.021053	2.8
1611	-0.765181	114.788332	0.008238	2.9
1612	-0.930080	114.748121	0.009282	3.0
1613	-0.000000	114.707948	0.000000	3.0
1614	-0.056297	114.667812	0.003819	3.2
1615	-0.699084	114.627714	0.009363	1.8
1616	-0.661770	114.587653	0.030803	3.0
1617	-0.869916	114.547629	0.013932	2.7
1618	-0.428904	114.507643	0.006258	3.5
1619	-0.005190	114.467693	0.000853	3.0
1620	-0.757880	114.427781	0.027904	3.0
1621	-0.486309	114.387907	0.010467	2.9
1622	-0.427042	114.348069	0.007346	3.0
1623	-0.150920	114.308268	0.003231	3.0
1624	-0.574549	114.268504	0.008792	2.9
1625	-0.003358	114.228777	0.000333	3.6
1626	-0.000000	114.189086	0.000000	2.5
1627	-1.063444	114.149433	0.018161	1.9
1628	-0.843732	114.109816	0.012332	1.9
1629	-0.286557	114.070235	0.011528	3.8
1630	-0.527275	114.030692	0.008423	2.1
1631	-0.000000	113.991185	0.000000	1.5
1632	-1.045451	113.951714	0.022432	2.4
1633	-0.000000	113.912280	0.000000	1.3
1634	-0.065458	113.872882	0.003680	3.0
1635	-0.000000	113.833521	0.000000	3.2
1636	-0.000000	113.794195	0.000000	2.3
1637	-0.936959	113.754906	0.012406	3.2
1638	-0.668345	113.715653	0.013299	3.4
1639	-0.565364	113.676437	0.005965	2.3
1640	-0.264801	113.637256	0.015440	1.8
1641	-0.964551	113.598111	0.015250	2.2
1642	-0.536931	113.559002	0.006871	3.7
1643	-0.070235	113.519929	0.003861	2.8
1644	-0.112693	113.480892	0.003419	2.9
1645	-0.705760	113.441891	0.005469	2.8
1646	-0.862707	113.402925	0.021988	1.7
1647	-0.693004	113.363995	0.008594	3.3
1648	-0.545399	113.325101	0.011075	3.3
1649	-0.055038	113.286242	0.002060	1.5
1650	-0.000000	113.247419	0.000000	2.1
1651	-0.053590	113.208631	0.003987	2.9
1652	-0.985458	113.169879	0.021225	1.7
1653	-0.307948	113.131162	0.002593	3.2
1654	-0.482445	113.092480	0.007025	1.9
1655	-0.000000	113.053833	0.000000	1.8
1656	-0.230616	113.015222	0.001484	2.9
1657	-0.000000	112.976646	0.000000	2.9
1658	-0.961056	112.938105	0.015192	2.9
1659	-0.350295	112.899599	0.009061	3.1
1660	-0.832312	112.861128	0.011828	2.8
1661	-0.857965	112.822692	0.014032	2.7
1662	-0.000000	112.784291	0.000000	3.5
1663	-0.969212	112.745924	0.010888	2.7
1664	-0.678052	112.707593	0.029189	2.3
1665	-0.719984	112.669296	0.009860	1.8
1666	-0.000000	112.631034	0.000000	2.5
1667	-0.817220	112.592806	0.006084	2.4
1668	-0.878866	112.554613	0.048835	3.6
1669	-0.000000	112.516455	0.000000	3.0
1670	-0.746389	112.478331	0.010939	3.0
1671	-0.936199	112.440241	0.023234	1.9
1672	-0.830137	112.402186	0.018063	2.0
1673	-1.008409	112.364165	0.019402	3.5
1674	-0.005541	112.326179	0.000438	2.6
1675	-0.905924	112.288227	0.011497	1.7
1676	-0.029352	112.250309	0.002108	2.1
1677	-1.080902	112.212425	0.062437	3.1
1678	-0.956812	112.174575	0.032625	2.2
1679	-1.077333	112.136759	0.015439	2.6
1680	-0.534181	112.098977	0.018421	3.3
1681	-0.180266	112.061229	0.011640	1.9
1682	-0.001977	112.023515	0.000299	2.1
1683	-0.655529	111.985834	0.023267	2.0
1684	-0.349386	111.948188	0.007163	3.0
1685	-0.000000	111.910575	0.000000	3.2
1686	-0.660539	111.872996	0.019651	2.2
1687	-0.957791	111.835450	0.016066	2.0
1688	-1.059434	111.797939	0.010760	2.2
1689	-0.671114	111.760460	0.005600	1.9
1690	-1.057704	111.723015	0.021403	3.1
1691	-0.597734	111.685604	0.007414	2.5
1692	-0.588187	111.648226	0.007173	3.1
1693	-0.000000	111.610881	0.000000	2.4
1694	-0.000000	111.573570	0.000000	1.4
1695	-0.277671	111.536292	0.007333	2.7
1696	-0.403996	111.499047	0.014900	3.2
1697	-0.847623	111.461835	0.039163	2.7
1698	-0.843791	111.424656	0.040132	1.7
1699	-0.967437	111.387510	0.008387	2.9
1700	-0.000000	111.350398	0.000000	3.0
1701	-0.713385	111.313318	0.018612	1.8
1702	-0.826450	111.276271	0.023276	2.6
1703	-0.551937	111.239257	0.009539	3.0
1704	-0.000000	111.202276	0.000000	1.3
1705	-0.566649	111.165328	0.025975	3.0
1706	-0.000000	111.128412	0.000000	2.9
1707	-0.737533	111.091529	0.012434	3.1
1708	-0.743066	111.054679	0.029567	3.1
1709	-0.592694	111.017861	0.013998	3.0
1710	-0.879102	110.981076	0.015208	2.7
1711	-0.647956	110.944323	0.010799	3.1
1712	-0.039456	110.907603	0.003228	3.1
1713	-0.000000	110.870915	0.000000	1.5
1714	-0.331584	110.834259	0.015554	1.9
1715	-0.741227	110.797636	0.016885	3.1
1716	-0.589739	110.761045	0.006538	2.9
1717	-0.000000	110.724486	0.000000	1.5
1718	-0.321921	110.687959	0.003673	2.0
1719	-0.640652	110.651465	0.007563	2.3
1720	-0.018176	110.615002	0.000884	2.1
1721	-0.820754	110.578572	0.020450	1.9
1722	-1.041898	110.542173	0.028684	2.1
1723	-0.767490	110.505807	0.006722	3.2
1724	-0.293743	110.469472	0.002821	1.8
1725	-0.653562	110.433169	0.020231	2.0
1726	-1.004716	110.396898	0.016860	2.7
1727	-0.013816	110.360659	0.000933	3.8
1728	-1.014610	110.324451	0.006438	2.1
1729	-0.042185	110.288276	0.001758	2.5
1730	-0.874323	110.252131	0.021194	2.1
1731	-0.813139	110.216019	0.014743	2.7
1732	-0.536543	110.179937	0.022651	2.7
1733	-0.000000	110.143888	0.000000	1.3
1734	-0.000000	110.107869	0.000000	2.1
1735	-1.112706	110.071882	0.046622	1.5
1736	-0.440070	110.035927	0.008321	3.6
1737	-0.024660	110.000003	0.002155	2.9
1738	-0.490271	109.964110	0.005818	3.0
1739	-0.001348	109.928248	0.000273	2.9
1740	-0.817577	109.892417	0.013931	2.8
1741	-0.143378	109.856618	0.001648	3.0
1742	-0.949518	109.820850	0.010894	3.3
1743	-0.577466	109.785112	0.011277	2.6
1744	-0.000000	109.749406	0.000000	1.7
1745	-0.484639	109.713730	0.019395	2.9
1746	-0.006517	109.678086	0.000444	2.2
1747	-0.750758	109.642472	0.009988	1.9
1748	-0.820308	109.606890	0.029133	2.0
1749	-0.164737	109.571337	0.005304	2.3
1750	-0.915193	109.535816	0.010633	3.7
1751	-0.162811	109.500326	0.002699	3.3
1752	-0.701468	109.464866	0.013437	3.1
1753	-0.000000	109.429436	0.000000	3.2
1754	-0.210156	109.394038	0.001992	3.2
1755	-0.566776	109.358669	0.019981	3.0
1756	-0.954925	109.323331	0.010658	2.2
1757	-0.000000	109.288024	0.000000	1.7
1758	-1.093467	109.252747	0.008016	1.9
1759	-0.450905	109.217501	0.005582	2.6
1760	-0.786358	109.182284	0.025573	2.6
1761	-0.556584	109.147098	0.018570	1.7
1762	-0.869457	109.111942	0.006656	3.2
1763	-0.251583	109.076817	0.007264	2.7
1764	-0.762805	109.041721	0.015108	2.6
1765	-0.196383	109.006656	0.008831	3.0
1766	-0.162181	108.971620	0.003471	3.1
1767	-0.952222	108.936615	0.024998	2.8
1768	-0.000000	108.901640	0.000000	2.9
1769	-0.700123	108.866694	0.021749	3.2
1770	-0.690096	108.831779	0.012026	2.4
1771	-1.164207	108.796893	0.021741	2.3
1772	-0.000000	108.762037	0.000000	1.7
1773	-0.832787	108.727211	0.013228	1.9
1774	-0.452970	108.692415	0.005401	3.0
1775	-0.679042	108.657648	0.012433	3.6
1776	-0.130513	108.622911	0.001803	2.8
1777	-0.876857	108.588203	0.040513	3.3
1778	-0.457947	108.553525	0.005021	1.8
1779	-0.961023	108.518877	0.024150	3.2
1780	-0.000383	108.484258	0.000065	1.7
1781	-0.234423	108.449668	0.008920	3.2
1782	-0.357241	108.415108	0.006178	2.6
1783	-0.203030	108.380578	0.001735	2.6
1784	-0.972744	108.346076	0.021332	2.7
1785	-0.825655	108.311604	0.034684	3.0
1786	-0.906326	108.277161	0.005514	1.7
1787	-1.017368	108.242747	0.061082	2.2
1788	-0.907010	108.208363	0.025391	3.2
1789	-0.660429	108.174007	0.040214	1.8
1790	-1.021713	108.139681	0.009943	1.7
1791	-0.517503	108.105383	0.008387	3.3
1792	-0.508939	108.071115	0.008514	1.8
1793	-0.602093	108.036875	0.012261	2.8
1794	-1.045121	108.002665	0.051196	3.1
1795	-0.329719	107.968483	0.011560	2.9
1796	-0.937802	107.934330	0.021099	3.2
1797	-0.000000	107.900206	0.000000	2.5
1798	-0.645049	107.866111	0.019240	3.5
1799	-1.028374	107.832044	0.020494	3.2
1800	-0.000000	107.798007	0.000000	1.4
1801	-0.000000	107.763997	0.000000	1.9
1802	-0.889969	107.730017	0.026211	1.8
1803	-0.000000	107.696065	0.000000	1.2
1804	-0.547438	107.662141	0.009637	3.2
1805	-0.685056	107.628246	0.005694	3.4
1806	-0.869759	107.594379	0.007359	1.8
1807	-0.786371	107.560541	0.008841	2.3
1808	-0.930958	107.526731	0.044285	1.9
1809	-0.000000	107.492949	0.000000	2.3
1810	-0.552000	107.459196	0.009612	2.8
1811	-0.644406	107.425471	0.005967	2.2
1812	-0.000000	107.391774	0.000000	1.5
1813	-0.190714	107.358106	0.001412	2.1
1814	-0.000000	107.324465	0.000000	2.8
1815	-0.791126	107.290853	0.032355	2.5
1816	-0.248150	107.257268	0.004896	3.0
1817	-0.016987	107.223712	0.000880	1.6
1818	-0.732020	107.190184	0.008766	2.9
1819	-0.000000	107.156683	0.000000	2.3
1820	-0.000012	107.123211	0.000009	3.0
1821	-0.758821	107.089766	0.009114	2.2
1822	-0.586907	107.056349	0.005667	2.2
1823	-0.054511	107.022960	0.002447	2.4
1824	-1.046997	106.989599	0.064017	2.4
1825	-0.000000	106.956265	0.000000	2.6
1826	-1.065476	106.922960	0.032149	2.7
1827	-0.199571	106.889681	0.003789	2.8
1828	-0.914260	106.856431	0.029943	2.5
1829	-0.000013	106.823208	0.000004	2.6
1830	-0.947936	106.790012	0.022045	3.2
1831	-0.552528	106.756844	0.006955	1.8
1832	-0.156945	106.723703	0.005881	2.3
1833	-0.053158	106.690590	0.002368	2.5
1834	-0.893608	106.657505	0.010456	2.1
1835	-0.522978	106.624446	0.009073	1.7
1836	-0.760702	106.591415	0.058983	3.3
1837	-0.546723	106.558411	0.005709	3.0
1838	-0.980077	106.525435	0.017204	2.9
1839	-0.482792	106.492485	0.005996	3.2
1840	-0.610411	106.459563	0.032248	3.0
1841	-0.000000	106.426668	0.000000	2.9
1842	-0.000000	106.393800	0.000000	2.8
1843	-0.789525	106.360959	0.011551	2.4
1844	-0.344890	106.328145	0.003063	3.4
1845	-0.555813	106.295358	0.004614	1.7
1846	-0.357635	106.262598	0.017336	3.4
1847	-1.083193	106.229865	0.050619	3.0
1848	-0.345742	106.197158	0.005116	3.1
1849	-1.020816	106.164479	0.031766	2.9
1850	-0.889968	106.131826	0.017641	1.7
1851	-0.417537	106.099201	0.005815	3.3
1852	-0.210251	106.066602	0.008079	3.1
1853	-0.000000	106.034029	0.000000	1.7
1854	-0.772606	106.001483	0.009341	3.6
1855	-0.429925	105.968964	0.011216	2.9
1856	-0.611103	105.936472	0.013052	2.3
1857	-0.568280	105.904006	0.022002	1.8
1858	-0.000000	105.871566	0.000000	2.8
1859	-0.000000	105.839153	0.000000	2.9
1860	-1.090947	105.806767	0.028414	1.7
1861	-0.018893	105.774407	0.002073	2.8
1862	-0.000000	105.742073	0.000000	3.5
1863	-0.000000	105.709766	0.000000	1.8
1864	-0.000000	105.677485	0.000000	1.8
1865	-0.986527	105.645230	0.022964	2.2
1866	-0.112230	105.613001	0.001202	3.8
1867	-0.868697	105.580799	0.020790	3.0
1868	-0.000000	105.548623	0.000000	1.5
1869	-1.086176	105.516473	0.030078	3.2
1870	-0.000000	105.484349	0.000000	1.9
1871	-0.480935	105.452251	0.004788	2.7
1872	-0.000384	105.420179	0.000025	2.9
1873	-0.535154	105.388133	0.010374	3.2
1874	-0.765050	105.356113	0.008960	1.7
1875	-0.815736	105.324119	0.010551	3.2
1876	-0.000000	105.292151	0.000000	1.7
1877	-0.804402	105.260209	0.021740	1.7
1878	-0.000000	105.228293	0.000000	2.2
1879	-0.720385	105.196402	0.006969	2.4
1880	-0.504717	105.164537	0.006490	1.8
1881	-0.184482	105.132698	0.006211	2.8
1882	-0.550878	105.100885	0.008743	2.9
1883	-0.681935	105.069097	0.006999	2.4
1884	-0.000412	105.037335	0.000177	2.0
1885	-0.003881	105.005598	0.000220	1.6
1886	-0.459942	104.973887	0.006546	2.5
1887	-0.693479	104.942202	0.007918	1.7
1888	-0.310110	104.910542	0.004744	2.8
1889	-0.000000	104.878907	0.000000	2.7
1890	-0.000000	104.847298	0.000000	3.0
1891	-1.067189	104.815715	0.017243	2.8
1892	-0.110897	104.784156	0.002982	1.5
1893	-0.880352	104.752623	0.010458	3.7
1894	-0.016613	104.721116	0.001054	3.1
1895	-0.381452	104.689633	0.004098	2.3
1896	-1.108636	104.658176	0.048413	2.7
1897	-0.096869	104.626744	0.003713	2.9
1898	-0.000000	104.595337	0.000000	2.9
1899	-0.758330	104.563955	0.014571	2.3
1900	-0.536489	104.532599	0.011969	1.8
1901	-0.000000	104.501267	0.000000	3.3
1902	-0.889660	104.469960	0.026264	3.2
1903	-1.063797	104.438679	0.025612	2.0
1904	-0.410393	104.407422	0.007840	1.9
1905	-0.000000	104.376191	0.000000	2.5
1906	-0.000000	104.344984	0.000000	2.5
1907	-0.000000	104.313802	0.000000	2.1
1908	-0.046354	104.282645	0.001480	1.9
1909	-0.832183	104.251513	0.046030	2.8
1910	-1.081556	104.220405	0.011167	1.8
1911	-0.378414	104.189323	0.003479	2.3
1912	-0.145719	104.158265	0.001570	2.3
1913	-0.913567	104.127231	0.018969	1.8
1914	-0.000000	104.096222	0.000000	2.0
1915	-0.940426	104.065238	0.016866	3.0
1916	-0.681884	104.034279	0.007922	2.6
1917	-1.000833	104.003344	0.021843	3.0
1918	-0.386613	103.972433	0.015898	3.1
1919	-0.857837	103.941547	0.012979	2.6
1920	-0.000000	103.910686	0.000000	3.0
1921	-0.351260	103.879849	0.017623	2.5
1922	-0.697531	103.849036	0.009731	1.8
1923	-0.677575	103.818248	0.031746	2.4
1924	-0.000000	103.787484	0.000000	1.7
1925	-0.000000	103.756744	0.000000	2.5
1926	-1.133591	103.726029	0.015799	2.8
1927	-0.905502	103.695338	0.022599	2.8
1928	-0.563303	103.664671	0.008670	2.1
1929	-0.620502	103.634028	0.010138	1.8
1930	-0.796696	103.603409	0.025734	2.0
1931	-0.298292	103.572814	0.008284	3.1
1932	-0.018555	103.542244	0.002221	2.7
1933	-0.513760	103.511698	0.007534	2.5
1934	-0.000000	103.481175	0.000000	1.3
1935	-1.057030	103.450677	0.017285	3.2
1936	-0.811716	103.420202	0.009985	2.3
1937	-0.000000	103.389752	0.000000	1.8
1938	-0.000000	103.359325	0.000000	2.9
1939	-0.919142	103.328922	0.017632	3.6
1940	-1.089714	103.298543	0.014787	2.8
1941	-0.886470	103.268188	0.008506	2.6
1942	-0.064786	103.237857	0.003471	2.8
1943	-0.000000	103.207549	0.000000	3.1
1944	-0.000000	103.177265	0.000000	2.9
1945	-0.445030	103.147005	0.008554	3.0
1946	-0.116150	103.116768	0.003144	3.5
1947	-0.592934	103.086556	0.010659	1.8
1948	-0.320463	103.056366	0.004298	3.1
1949	-0.955499	103.026200	0.006630	2.3
1950	-0.479579	102.996058	0.007422	1.7
1951	-0.604612	102.965939	0.012467	1.8
1952	-0.840665	102.935844	0.010585	3.1
1953	-0.349671	102.905772	0.006789	2.0
1954	-0.058885	102.875724	0.003662	3.3
1955	-0.617471	102.845699	0.007983	1.6
1956	-0.902887	102.815697	0.021035	3.4
1957	-0.953466	102.785719	0.011092	3.0
1958	-1.047368	102.755764	0.015979	3.1
1959	-0.818710	102.725832	0.019271	2.2
1960	-0.242888	102.695924	0.002885	1.9
1961	-0.900029	102.666038	0.021253	2.1
1962	-0.000000	102.636176	0.000000	2.8
1963	-0.000000	102.606337	0.000000	2.7
1964	-0.866635	102.576521	0.009363	2.8
1965	-0.012794	102.546728	0.001303	1.7
1966	-0.742616	102.516959	0.014175	1.9
1967	-0.000000	102.487212	0.000000	2.7
1968	-0.050789	102.457488	0.001367	1.5
1969	-0.000000	102.427788	0.000000	2.4
1970	-0.205960	102.398110	0.005415	1.6
1971	-1.081695	102.368455	0.053444	2.5
1972	-0.942224	102.338823	0.016690	1.9
1973	-0.732370	102.309214	0.009193	2.1
1974	-0.932393	102.279628	0.028388	3.1
1975	-0.000000	102.250064	0.000000	1.8
1976	-0.823374	102.220524	0.007283	1.6
1977	-0.044893	102.191006	0.003480	3.0
1978	-0.423502	102.161511	0.006434	2.2
1979	-0.952855	102.132038	0.016414	3.1
1980	-1.007349	102.102588	0.015140	3.2
1981	-0.001982	102.073161	0.000087	1.7
1982	-0.000000	102.043757	0.000000	2.2
1983	-0.000000	102.014375	0.000000	3.1
1984	-0.000000	101.985015	0.000000	2.2
1985	-0.000014	101.955678	0.000007	1.7
1986	-0.388716	101.926364	0.007809	3.0
1987	-0.535176	101.897072	0.005320	2.6
1988	-0.713008	101.867802	0.007350	2.2
1989	-0.000416	101.838555	0.000086	1.8
1990	-0.562279	101.809330	0.007534	3.8
1991	-0.034584	101.780128	0.000869	2.9
1992	-0.957371	101.750948	0.009734	3.0
1993	-0.966722	101.721790	0.016352	1.8
1994	-0.000000	101.692654	0.000000	3.0
1995	-0.000000	101.663541	0.000000	3.8
1996	-0.028709	101.634450	0.003897	2.5
1997	-0.730330	101.605381	0.007955	3.1
1998	-0.908823	101.576335	0.015338	3.0
1999	-0.042687	101.547310	0.002971	3.2
