1:ItNr	2:Metric	3a:Time	3b:StepSize	4:||Gradient||	Time[ms]
0	-0.597879	0.000000	60.924810	0.019073	582.2
1	-0.616616	0.000000	60.924810	0.017774	1.3
2	-0.622538	0.000000	60.924810	0.017547	0.8
3	-0.642020	0.000000	60.924810	0.018170	1.0
4	-0.684939	0.000000	60.924810	0.014434	1.8
5	-0.681123	0.000000	60.924810	0.014746	0.8
6	-0.674483	0.000000	60.924810	0.016831	0.9
7	-0.710525	0.000000	60.924810	0.012394	1.7
8	-0.701713	0.000000	60.924810	0.009156	0.8
9	-0.703271	0.000000	60.924810	0.011282	1.2
10	-0.696565	0.000000	60.924810	0.011553	1.2
11	-0.720622	0.000000	60.924810	0.010993	0.9
12	-0.710606	0.000000	60.924810	0.014526	1.1
13	-0.683267	1.000000	58.155500	0.010452	1.0
14	-0.746831	2.000000	55.627000	0.008518	1.0
15	-0.724972	2.372006	54.741599	0.006950	1.0
16	-0.709004	2.221738	55.095833	0.010228	1.4
17	-0.715479	2.071471	55.454679	0.012537	0.8
18	-0.738143	3.070674	53.152688	0.008023	0.9
19	-0.710770	4.070674	51.032574	0.008400	1.1
20	-0.732296	5.070672	49.075107	0.007075	1.2
21	-0.722093	6.067695	47.267453	0.009113	0.8
22	-0.712599	5.919788	47.527158	0.009181	1.4
23	-0.728834	6.919787	45.824884	0.008858	0.8
24	-0.719955	6.769608	46.072706	0.008962	1.1
25	-0.722869	7.769608	44.471271	0.008483	1.0
26	-0.736923	7.619339	44.704771	0.009591	0.8
27	-0.715600	8.603116	43.219133	0.011700	1.3
28	-0.742669	9.603079	41.806937	0.008102	1.1
29	-0.738271	10.603079	40.484062	0.009255	0.8
30	-0.705166	11.588906	39.259403	0.009092	1.6
31	-0.758729	11.438638	39.441268	0.010195	1.2
32	-0.703225	11.288370	39.624825	0.007115	0.8
33	-0.727578	11.139013	39.808970	0.006478	0.9
34	-0.704207	10.988890	39.995792	0.007801	1.0
35	-0.739240	10.891016	40.118540	0.005987	0.8
36	-0.707133	10.740748	40.308471	0.009073	1.7
37	-0.725163	11.496527	39.371008	0.009004	0.8
38	-0.747288	12.134567	38.612878	0.010396	1.2
39	-0.688065	11.984299	38.788789	0.007567	1.6
40	-0.735435	12.945336	37.690628	0.007013	0.8
41	-0.733985	12.795074	37.858210	0.008789	1.1
42	-0.734265	12.649341	38.022171	0.005612	1.6
43	-0.725793	12.499073	38.192729	0.008581	0.8
44	-0.740327	12.463254	38.233610	0.009451	1.6
45	-0.737558	13.462759	37.124741	0.009147	1.0
46	-0.717258	14.462759	36.077876	0.007720	0.8
47	-0.741967	15.461143	35.089986	0.006530	2.0
48	-0.717118	15.311850	35.234256	0.006010	1.0
49	-0.705978	15.161804	35.380453	0.012885	1.1
50	-0.776532	15.011657	35.527969	0.007125	1.5
51	-0.776830	14.866106	35.672147	0.006320	0.9
52	-0.724052	14.715839	35.822230	0.009324	1.4
53	-0.723573	14.565571	35.973583	0.007806	1.0
54	-0.762516	15.565571	34.989772	0.008564	0.9
55	-0.743111	15.415303	35.134158	0.009153	1.2
56	-0.764650	15.703956	34.857851	0.008780	1.6
57	-0.738306	15.554528	35.000342	0.010988	0.8
58	-0.775104	15.687363	34.873616	0.008705	1.0
59	-0.757677	15.537287	35.016858	0.009447	1.1
60	-0.731480	15.387019	35.161468	0.008483	0.9
61	-0.702251	15.236960	35.307073	0.009919	0.8
62	-0.774302	15.086692	35.454095	0.008074	1.9
63	-0.755758	16.047736	34.534392	0.009157	1.1
64	-0.738372	15.897467	34.675036	0.008786	0.9
65	-0.709920	15.747199	34.816831	0.010582	1.4
66	-0.775792	16.742934	33.898292	0.011249	1.0
67	-0.742085	16.592666	34.033793	0.009057	0.8
68	-0.721059	16.442400	34.170380	0.009151	1.7
69	-0.764889	16.292132	34.308069	0.007903	0.9
70	-0.766372	16.143551	34.445306	0.008850	0.9
71	-0.739782	17.143194	33.542577	0.012039	1.5
72	-0.736891	16.992925	33.675243	0.008381	0.9
73	-0.744008	16.889247	33.767391	0.013125	1.1
74	-0.747932	16.761793	33.881363	0.009545	0.9
75	-0.745197	16.611525	34.016728	0.007295	1.0
76	-0.744195	17.577988	33.164535	0.010277	1.4
77	-0.773551	17.427719	33.294222	0.008855	1.3
78	-0.795812	18.427326	32.450109	0.009768	0.8
79	-0.764220	19.425947	31.648510	0.009792	1.1
80	-0.772567	19.275679	31.766591	0.007621	1.3
81	-0.747489	20.275679	30.996971	0.007151	0.8
82	-0.750479	21.200046	30.318000	0.006243	1.3
83	-0.750548	21.431229	30.152815	0.009899	0.9
84	-0.737230	21.280961	30.259979	0.006750	0.9
85	-0.794251	21.131424	30.367381	0.014128	1.0
86	-0.735763	21.927559	29.804187	0.009474	1.0
87	-0.731374	22.927544	29.125712	0.006642	1.4
88	-0.778633	23.927511	28.477452	0.010754	0.8
89	-0.785255	23.777291	28.572989	0.008908	1.4
90	-0.734581	24.777291	27.948815	0.010771	1.0
91	-0.792446	24.629191	28.039529	0.008272	0.9
92	-0.747505	24.478923	28.132175	0.010622	1.0
93	-0.767380	25.478923	27.526908	0.008242	1.4
94	-0.759355	25.328655	27.616191	0.009601	0.9
95	-0.786653	25.178389	27.706056	0.006559	0.8
96	-0.740445	25.028120	27.796508	0.011708	1.9
97	-0.798340	24.877852	27.887553	0.006936	1.0
98	-0.755187	24.834032	27.914215	0.010525	0.8
99	-0.728693	24.683765	28.006032	0.010102	0.8
100	-0.724498	24.533497	28.098457	0.008302	1.9
101	-0.748241	25.529332	27.497085	0.007417	1.0
102	-0.793700	25.379073	27.586170	0.010357	0.8
103	-0.757596	25.228805	27.675840	0.008216	1.0
104	-0.774727	25.080398	27.764973	0.008558	1.5
105	-0.717760	26.078975	27.176059	0.012692	0.8
106	-0.737797	27.078974	26.610822	0.011851	1.3
107	-0.792231	26.928706	26.694253	0.011851	0.9
108	-0.753647	27.928706	26.148679	0.008648	0.9
109	-0.782441	27.778438	26.229233	0.010302	1.0
110	-0.745367	27.628187	26.310276	0.008992	0.9
111	-0.760015	27.477919	26.391830	0.011443	0.8
112	-0.744712	28.477804	25.858484	0.009186	1.6
113	-0.762273	29.346144	25.412493	0.007740	0.8
114	-0.784354	30.307279	24.936443	0.007753	1.0
115	-0.775555	30.193666	24.991783	0.006523	1.0
116	-0.800425	31.187105	24.516037	0.009790	0.9
117	-0.758830	31.049200	24.580993	0.007311	0.8
118	-0.789088	30.898932	24.652165	0.008869	1.8
119	-0.778976	31.898931	24.186141	0.009819	1.0
120	-0.754416	32.898931	23.737410	0.011718	0.8
121	-0.788663	32.899481	23.737168	0.007188	1.4
122	-0.785570	32.749214	23.803530	0.005900	1.0
123	-0.772625	32.599736	23.869913	0.009858	0.8
124	-0.795436	33.114222	23.642972	0.007386	1.5
125	-0.796711	32.963953	23.708808	0.009011	1.1
126	-0.760797	32.817195	23.773462	0.009844	0.8
127	-0.780867	33.817195	23.339775	0.009146	0.9
128	-0.774261	33.685753	23.395875	0.007992	1.0
129	-0.777314	34.685753	22.975734	0.010533	1.2
130	-0.760222	34.535484	23.037901	0.006629	0.8
131	-0.771201	34.385216	23.100407	0.008981	1.1
132	-0.779322	34.580130	23.019396	0.007623	1.0
133	-0.749599	35.580130	22.612550	0.007509	0.9
134	-0.764519	36.451341	22.269646	0.013325	0.8
135	-0.749747	36.301203	22.327996	0.009655	1.8
136	-0.764949	37.301203	21.945019	0.007002	1.0
137	-0.767566	37.152028	22.001314	0.009248	0.8
138	-0.778130	37.001761	22.058313	0.006948	1.7
139	-0.736817	36.857297	22.113390	0.007577	0.8
140	-0.783076	36.730470	22.161971	0.007797	1.6
141	-0.794337	36.580262	22.219785	0.007337	0.8
142	-0.790527	37.108477	22.017803	0.008541	1.1
143	-0.793616	36.958226	22.074882	0.006726	1.0
144	-0.773035	36.807958	22.132265	0.007965	0.8
145	-0.806131	36.887450	22.101872	0.005908	1.6
146	-0.776288	37.556196	21.849456	0.008835	1.2
147	-0.766257	37.410061	21.904120	0.006909	0.8
148	-0.752527	37.260300	21.960426	0.008390	1.1
149	-0.787938	37.110086	22.017194	0.009085	1.0
150	-0.767210	37.565718	21.845903	0.009033	0.8
151	-0.825470	38.565718	21.479150	0.008116	2.1
152	-0.759123	39.554951	21.128264	0.005994	0.9
153	-0.739082	40.554748	20.785091	0.010776	0.9
154	-0.801192	40.404480	20.835956	0.007602	1.3
155	-0.774840	40.837783	20.689956	0.006944	1.1
156	-0.755448	40.689328	20.739746	0.008555	0.9
157	-0.783821	40.539060	20.790389	0.010395	1.6
158	-0.770232	40.388792	20.841280	0.005636	1.0
159	-0.773384	41.388668	20.507266	0.007792	0.8
160	-0.753007	41.238417	20.556773	0.009333	0.9
161	-0.795393	42.195065	20.245584	0.009809	1.6
162	-0.776957	42.044798	20.293839	0.010962	0.8
163	-0.787052	43.044798	19.976970	0.012399	1.5
164	-0.768603	42.894530	20.023952	0.011881	0.9
165	-0.782982	42.744262	20.071156	0.011039	0.9
166	-0.761512	43.743279	19.761449	0.006048	1.7
167	-0.750289	43.897638	19.714447	0.008663	1.2
168	-0.806152	44.867117	19.424275	0.009247	2.6
169	-0.770197	44.716849	19.468691	0.008027	2.1
170	-0.779199	44.566580	19.513310	0.008652	1.3
171	-0.766637	45.566580	19.220170	0.008859	2.6
172	-0.758227	46.539283	18.943361	0.009359	0.9
173	-0.766489	47.539283	18.666974	0.011626	1.4
174	-0.772741	47.389035	18.707985	0.006820	0.9
175	-0.788611	48.388985	18.438388	0.008051	1.4
176	-0.801011	49.382168	18.178198	0.010253	1.6
177	-0.783147	50.382150	17.923543	0.008693	0.8
178	-0.791986	51.381965	17.675964	0.007527	0.8
179	-0.753206	51.231702	17.712735	0.010312	1.9
180	-0.769785	52.231548	17.470899	0.007789	1.1
181	-0.773618	52.081280	17.506823	0.007248	0.9
182	-0.772125	51.931012	17.542894	0.008804	1.0
183	-0.783231	52.369557	17.438037	0.007732	1.5
184	-0.825492	52.219288	17.473825	0.005911	0.8
185	-0.755279	53.210901	17.240338	0.005454	1.6
186	-0.785840	53.062068	17.274984	0.012150	0.9
187	-0.782522	54.061877	17.044884	0.010164	0.9
188	-0.797493	53.911617	17.079073	0.007739	1.2
189	-0.779361	54.909831	16.854484	0.007906	1.1
190	-0.779035	55.909598	16.635388	0.008268	0.8
191	-0.782223	56.908421	16.422115	0.008052	1.0
192	-0.789970	57.897918	16.216157	0.007061	1.0
193	-0.764609	57.747651	16.247101	0.010140	1.0
194	-0.765293	57.637179	16.269925	0.008463	0.8
195	-0.779114	57.488853	16.300672	0.006843	1.7
196	-0.787482	57.338587	16.331939	0.007564	1.0
197	-0.772332	58.275421	16.138937	0.008699	0.8
198	-0.805862	59.275421	15.937892	0.011778	1.5
199	-0.813268	60.275420	15.741795	0.011194	1.1
200	-0.764303	60.125536	15.770879	0.008669	0.9
201	-0.805388	59.975268	15.800146	0.006674	0.8
202	-0.776466	60.975262	15.607404	0.008277	1.4
203	-0.778851	60.825129	15.636040	0.012590	1.3
204	-0.786928	61.825129	15.447256	0.007026	0.8
205	-0.769435	61.674861	15.475333	0.010655	0.8
206	-0.786054	61.524593	15.503512	0.005871	1.8
207	-0.758972	62.518401	15.319031	0.008096	1.3
208	-0.808701	63.464298	15.147477	0.008429	0.8
209	-0.762943	64.359306	14.988653	0.005708	0.8
210	-0.782219	65.356788	14.815523	0.006051	1.9
211	-0.815056	65.287621	14.827399	0.012936	1.0
212	-0.782171	66.287621	14.657531	0.009838	0.8
213	-0.765737	67.287621	14.491511	0.008496	2.0
214	-0.792106	67.137356	14.516217	0.009844	1.0
215	-0.769915	66.987088	14.541009	0.006890	0.8
216	-0.752357	67.858200	14.398457	0.006814	1.2
217	-0.769340	67.711814	14.422217	0.006943	1.3
218	-0.783139	67.561546	14.446688	0.007233	0.8
219	-0.769436	67.411278	14.471242	0.008514	0.9
220	-0.786117	68.307578	14.326007	0.006814	1.1
221	-0.769634	69.306737	14.167503	0.008757	1.1
222	-0.769001	69.156469	14.191117	0.008442	0.8
223	-0.774344	69.006201	14.214810	0.006721	1.1
224	-0.808958	68.951471	14.223458	0.005311	0.9
225	-0.768326	68.801207	14.247259	0.007603	1.0
226	-0.783386	68.650965	14.271135	0.006501	1.1
227	-0.763022	68.501612	14.294949	0.007744	1.2
228	-0.787364	68.351367	14.318986	0.005341	0.8
229	-0.804598	68.252800	14.334800	0.007039	1.6
230	-0.764687	68.469151	14.300136	0.005960	0.8
231	-0.808735	68.318883	14.324194	0.009121	1.5
232	-0.790299	69.310476	14.166917	0.009781	0.8
233	-0.746452	69.475348	14.141101	0.005214	1.0
234	-0.757111	70.475347	13.986512	0.006984	1.0
235	-0.765219	70.378526	14.001331	0.006084	0.8
236	-0.813150	70.228528	14.024352	0.007945	1.8
237	-0.778804	70.085928	14.046308	0.010440	0.9
238	-0.777848	69.935708	14.069512	0.006294	0.8
239	-0.772754	69.785441	14.092799	0.006282	1.6
240	-0.765162	70.583028	13.970067	0.006304	1.0
241	-0.806416	70.736309	13.946724	0.006960	0.8
242	-0.774450	70.587549	13.969377	0.013153	0.9
243	-0.794978	71.587549	13.818500	0.005898	1.9
244	-0.771893	71.437281	13.840963	0.008047	1.0
245	-0.783951	72.437137	13.692853	0.005858	0.8
246	-0.744572	72.337389	13.707487	0.006188	1.9
247	-0.792910	73.321532	13.564464	0.008345	1.0
248	-0.764358	74.320359	13.422327	0.009878	0.8
249	-0.769241	74.170092	13.443520	0.006029	1.3
250	-0.785986	75.169823	13.303768	0.006820	1.3
251	-0.770326	75.920597	13.200713	0.007026	0.8
252	-0.760010	76.920357	13.065935	0.010193	1.0
253	-0.783325	76.770089	13.086017	0.008145	1.0
254	-0.767521	77.769392	12.953618	0.007624	0.9
255	-0.781652	78.769386	12.823784	0.010117	1.0
256	-0.796128	78.619379	12.843094	0.008993	1.2
257	-0.779563	78.471715	12.862159	0.010906	0.9
258	-0.806626	79.471619	12.734153	0.008903	0.9
259	-0.777060	80.471619	12.608659	0.005862	1.1
260	-0.821533	80.655726	12.585823	0.009075	0.9
261	-0.767846	80.505458	12.604455	0.014458	1.1
262	-0.805522	80.355253	12.623135	0.006290	1.0
263	-0.803170	80.204984	12.641877	0.010362	0.9
264	-0.797887	81.204911	12.518195	0.006905	1.5
265	-0.778090	81.054643	12.536627	0.008740	1.0
266	-0.777354	82.045575	12.416069	0.005325	0.9
267	-0.758706	83.044706	12.296839	0.011420	1.1
268	-0.779978	83.504776	12.242704	0.009836	1.4
269	-0.790688	83.355448	12.260223	0.006636	0.8
270	-0.803943	84.355446	12.143853	0.009926	0.9
271	-0.756015	85.348946	12.030406	0.007900	1.0
272	-0.785385	86.348918	11.918341	0.008329	1.1
273	-0.761625	87.104073	11.835086	0.010215	0.8
274	-0.797679	86.953805	11.851560	0.011751	1.5
275	-0.809922	87.953805	11.742784	0.008087	1.0
276	-0.813690	87.803536	11.759002	0.011830	0.8
277	-0.765397	88.803535	11.651911	0.007885	1.3
278	-0.763532	89.803535	11.546753	0.008879	1.2
279	-0.777314	89.653266	11.562433	0.008809	0.9
280	-0.760794	90.653266	11.458877	0.004851	0.9
281	-0.781509	90.514397	11.473147	0.007818	1.2
282	-0.822609	90.398918	11.485040	0.008336	1.2
283	-0.790116	90.279592	11.497355	0.011315	0.9
284	-0.785399	91.279592	11.394956	0.011629	1.3
285	-0.808875	92.279592	11.294365	0.009424	1.5
286	-0.776398	93.279592	11.195534	0.009964	0.8
287	-0.800687	93.129323	11.210274	0.005531	0.8
288	-0.796745	94.129322	11.112903	0.009633	1.1
289	-0.767095	93.981394	11.127200	0.011257	1.2
290	-0.772835	93.831130	11.141761	0.009062	0.9
291	-0.784830	94.670981	11.060864	0.005514	1.2
292	-0.778920	95.091408	11.020807	0.010587	1.0
293	-0.809730	96.058731	10.929736	0.006514	0.9
294	-0.788137	96.384437	10.899409	0.003153	0.9
295	-0.779127	96.269193	10.910120	0.007637	1.3
296	-0.785893	96.415767	10.896501	0.008479	1.0
297	-0.829189	97.415762	10.804482	0.006879	0.8
298	-0.790213	97.265494	10.818211	0.007885	1.8
299	-0.819960	97.115225	10.831974	0.008139	0.9
300	-0.779320	96.969218	10.845380	0.005883	0.9
301	-0.779104	96.818951	10.859212	0.011371	1.0
302	-0.813618	96.668683	10.873080	0.007310	1.1
303	-0.789931	97.668683	10.781455	0.011211	1.0
304	-0.797621	97.519149	10.795057	0.006624	0.9
305	-0.784576	97.407777	10.805211	0.010487	1.7
306	-0.819745	97.639162	10.784137	0.009520	1.0
307	-0.759874	98.639162	10.693998	0.006675	0.9
308	-0.779681	99.639160	10.605354	0.010021	2.0
309	-0.764045	100.636801	10.518371	0.006621	1.0
310	-0.789552	100.490654	10.531024	0.007566	0.9
311	-0.811078	100.340425	10.544062	0.009580	1.4
312	-0.775420	100.190157	10.557136	0.010125	0.9
313	-0.779559	100.040348	10.570203	0.006415	0.8
314	-0.741590	101.040348	10.483590	0.006014	2.5
315	-0.794353	100.890169	10.496507	0.005792	0.9
316	-0.792221	101.873753	10.412484	0.007443	1.2
317	-0.793205	101.723489	10.425233	0.011831	1.2
318	-0.827005	101.573221	10.438014	0.009184	0.9
319	-0.790200	102.573221	10.353546	0.008359	1.1
320	-0.782691	102.422953	10.366151	0.007161	1.1
321	-0.774522	102.272684	10.378788	0.006706	0.9
322	-0.821994	102.145973	10.389467	0.008613	0.8
323	-0.765507	101.996629	10.402082	0.007253	1.6
324	-0.761261	101.846363	10.414806	0.006782	1.1
325	-0.798870	101.696095	10.427561	0.007485	0.8
326	-0.793755	102.683417	10.344321	0.006853	1.4
327	-0.771573	102.533524	10.356873	0.007462	1.0
328	-0.745559	102.383256	10.369487	0.007509	1.1
329	-0.800644	103.376988	10.286638	0.007176	0.9
330	-0.787421	103.226720	10.299081	0.010209	1.0
331	-0.785557	104.226719	10.216837	0.008512	1.3
332	-0.784391	105.226718	10.135897	0.008513	1.0
333	-0.777034	105.087178	10.147114	0.008237	1.0
334	-0.812081	104.951198	10.158069	0.009007	1.3
335	-0.802169	104.821269	10.168559	0.004601	1.1
336	-0.807293	105.817765	10.088658	0.008281	0.8
337	-0.789365	106.146377	10.062583	0.010552	1.6
338	-0.758462	105.996108	10.074490	0.008388	0.8
339	-0.815529	106.996108	9.995781	0.007979	1.4
340	-0.742908	106.845849	10.007529	0.007002	0.8
341	-0.792326	106.695581	10.019305	0.008562	1.5
342	-0.802882	107.668813	9.943521	0.005995	1.0
343	-0.788732	107.520808	9.954972	0.008954	0.8
344	-0.791414	107.391575	9.964992	0.006779	0.9
345	-0.774104	108.391574	9.887978	0.009996	1.3
346	-0.791217	108.241306	9.899474	0.007628	1.2
347	-0.771817	108.091038	9.910998	0.007295	0.8
348	-0.806225	108.989038	9.842530	0.010657	1.2
349	-0.825019	109.989038	9.767390	0.007833	1.0
350	-0.801234	109.838769	9.778608	0.013270	0.9
351	-0.799480	110.838754	9.704438	0.006820	1.1
352	-0.783003	110.688486	9.715512	0.009005	1.1
353	-0.743469	111.624688	9.646929	0.007016	1.0
354	-0.807888	111.494622	9.656400	0.007406	1.2
355	-0.780012	112.494284	9.584088	0.006017	0.8
356	-0.797828	113.494281	9.512828	0.009464	1.1
357	-0.802838	114.494281	9.442620	0.009408	1.0
358	-0.807346	115.256260	9.389815	0.010154	1.0
359	-0.774202	116.256256	9.321404	0.009804	1.3
360	-0.781894	117.254867	9.254076	0.007552	1.0
361	-0.799694	117.104599	9.264145	0.007668	0.8
362	-0.753112	116.954571	9.274220	0.009635	1.4
363	-0.763540	117.954571	9.207477	0.008292	0.8
364	-0.786999	117.806657	9.217289	0.009522	0.9
365	-0.804002	118.806516	9.151369	0.007344	1.2
366	-0.816185	119.769981	9.088735	0.006919	1.0
367	-0.801944	120.769324	9.024668	0.007491	0.8
368	-0.796195	120.620325	9.034162	0.007402	1.6
369	-0.768366	120.470092	9.043756	0.007358	0.9
370	-0.809879	120.319824	9.053373	0.008140	0.8
371	-0.785043	121.242587	8.994641	0.008330	0.9
372	-0.748253	122.242587	8.931848	0.008324	1.3
373	-0.774203	123.242586	8.869926	0.008743	1.1
374	-0.806566	124.230146	8.809610	0.009235	0.8
375	-0.762656	124.079878	8.818735	0.004953	1.2
376	-0.759733	124.973724	8.764735	0.008828	1.3
377	-0.764440	124.824004	8.773734	0.009912	0.9
378	-0.787625	125.823967	8.713979	0.008234	0.9
379	-0.784616	125.988062	8.704251	0.006355	1.1
380	-0.788016	126.917766	8.649543	0.010842	1.2
381	-0.784982	127.917695	8.591464	0.006519	0.8
382	-0.783795	127.767428	8.600142	0.005616	1.1
383	-0.809078	128.422045	8.562465	0.014456	1.5
384	-0.785885	129.422045	8.505542	0.013346	0.8
385	-0.759716	130.422045	8.449371	0.008387	0.8
386	-0.789886	131.422045	8.393937	0.011403	0.9
387	-0.765602	131.307835	8.400231	0.008191	1.5
388	-0.779128	132.305858	8.345545	0.009306	0.8
389	-0.771605	133.245612	8.294700	0.007200	1.0
390	-0.780708	134.170230	8.245274	0.006365	1.0
391	-0.763926	135.152717	8.193396	0.009448	0.9
392	-0.795538	135.006411	8.201080	0.009694	0.8
393	-0.804561	134.856143	8.208987	0.005210	1.8
394	-0.781326	135.696189	8.164978	0.008174	1.0
395	-0.786682	135.546541	8.172784	0.005919	0.8
396	-0.807713	135.396366	8.180631	0.009594	1.3
397	-0.776265	136.396366	8.128657	0.007048	1.5
398	-0.825721	137.395711	8.077372	0.008411	0.8
399	-0.795071	138.154181	8.038878	0.008652	1.0
400	-0.768390	139.154129	7.988686	0.005648	1.0
401	-0.803081	139.003994	7.996182	0.009399	0.9
402	-0.782834	138.862526	8.003258	0.009060	1.0
403	-0.768043	139.862338	7.953515	0.008068	1.3
404	-0.777392	139.712071	7.960952	0.005621	0.8
405	-0.813353	140.710497	7.911799	0.005522	1.4
406	-0.777635	141.699791	7.863692	0.011342	1.3
407	-0.766418	141.554121	7.870739	0.011212	0.8
408	-0.768067	141.403853	7.878021	0.010126	1.1
409	-0.780469	141.253647	7.885314	0.010062	1.0
410	-0.802702	141.113038	7.892154	0.009016	0.8
411	-0.742817	142.112546	7.843793	0.004925	1.5
412	-0.779528	143.108496	7.796190	0.009914	1.2
413	-0.821436	144.053264	7.751564	0.008936	0.8
414	-0.779349	143.902996	7.758628	0.008952	1.4
415	-0.780220	144.902996	7.711862	0.006405	0.8
416	-0.762239	145.869965	7.667174	0.009163	0.9
417	-0.771659	146.868822	7.621552	0.008129	1.3
418	-0.764635	147.868822	7.576419	0.008136	1.1
419	-0.809197	148.868813	7.531818	0.005899	0.8
420	-0.779283	148.742660	7.537416	0.006945	1.4
421	-0.775939	148.592419	7.544093	0.005968	1.1
422	-0.779805	148.584623	7.544440	0.006014	0.8
423	-0.785466	149.572578	7.500743	0.009362	1.2
424	-0.775949	149.664822	7.496689	0.011312	0.9
425	-0.793659	149.514553	7.503295	0.005685	0.9
426	-0.778379	150.344362	7.466957	0.007919	0.8
427	-0.790564	150.194534	7.473492	0.010140	2.1
428	-0.778228	150.637382	7.454210	0.006512	0.9
429	-0.759875	150.487113	7.460741	0.007647	1.7
430	-0.792516	151.485321	7.417565	0.011336	1.1
431	-0.776606	151.335053	7.424032	0.004414	0.9
432	-0.812637	152.334658	7.381219	0.007825	0.9
433	-0.779368	152.184978	7.387598	0.008925	1.1
434	-0.775956	152.035471	7.393981	0.007404	1.1
435	-0.811208	153.035456	7.351496	0.007584	0.8
436	-0.804214	152.887848	7.357737	0.010249	1.4
437	-0.746196	153.825925	7.318257	0.009473	1.0
438	-0.768869	154.825924	7.276635	0.005400	0.9
439	-0.774342	154.676016	7.282844	0.007992	1.0
440	-0.782679	155.675894	7.241628	0.007830	1.7
441	-0.789922	156.603365	7.203811	0.008478	0.8
442	-0.792423	157.603363	7.163477	0.010314	1.0
443	-0.767710	158.603361	7.123592	0.009816	1.2
444	-0.816655	159.579699	7.085077	0.009903	1.0
445	-0.771388	160.579699	7.046058	0.007177	0.8
446	-0.794658	160.429431	7.051893	0.005583	1.3
447	-0.756380	161.210998	7.021645	0.007039	1.2
448	-0.753361	161.060730	7.027441	0.008565	0.8
449	-0.770722	161.189136	7.022488	0.011008	1.0
450	-0.790080	162.189136	6.984153	0.008217	1.0
451	-0.799947	163.189136	6.946235	0.009887	0.8
452	-0.754927	164.188608	6.908746	0.008247	1.6
453	-0.750262	164.038339	6.914356	0.007785	0.9
454	-0.781092	165.038334	6.877190	0.008450	0.9
455	-0.805551	164.888114	6.882748	0.008052	0.9
456	-0.795848	164.760412	6.887479	0.009285	1.6
457	-0.800186	164.610692	6.893035	0.011235	0.9
458	-0.773805	165.610692	6.856097	0.008827	0.8
459	-0.793194	166.601769	6.819877	0.012011	1.3
460	-0.769866	167.601573	6.783724	0.005946	1.0
461	-0.819941	168.600884	6.747970	0.010975	0.8
462	-0.806219	169.600708	6.712572	0.006866	1.5
463	-0.762935	170.399841	6.684546	0.005417	0.8
464	-0.773532	170.250040	6.689782	0.008099	1.3
465	-0.776274	170.921587	6.666374	0.009727	0.9
466	-0.768727	170.863045	6.668408	0.009218	1.0
467	-0.815825	171.863043	6.633832	0.010223	1.0
468	-0.784997	172.863043	6.599613	0.007726	0.9
469	-0.778295	172.712775	6.604732	0.008093	1.1
470	-0.788024	172.562508	6.609860	0.007467	1.4
471	-0.772420	172.412715	6.614979	0.012965	0.8
472	-0.805546	172.262447	6.620122	0.008305	1.0
473	-0.795783	173.261655	6.586071	0.009488	1.0
474	-0.786063	174.261655	6.552341	0.008384	1.0
475	-0.766688	175.261655	6.518956	0.010231	0.9
476	-0.820320	176.245405	6.486443	0.006433	1.5
477	-0.789232	177.238611	6.453945	0.011865	0.8
478	-0.788073	177.088342	6.458841	0.007253	0.9
479	-0.799210	178.087237	6.426434	0.005650	1.0
480	-0.768221	177.937978	6.431256	0.008060	1.0
481	-0.764025	177.787725	6.436117	0.005316	0.9
482	-0.758851	177.637699	6.440978	0.007833	1.3
483	-0.794057	177.487855	6.445840	0.004893	0.9
484	-0.808117	178.473430	6.413992	0.004755	1.0
485	-0.756966	178.324232	6.418793	0.005368	1.0
486	-0.829175	178.193149	6.423017	0.009099	1.0
487	-0.780063	178.219704	6.422161	0.011213	1.1
488	-0.782411	178.069436	6.427009	0.009723	1.0
489	-0.800802	179.069436	6.394885	0.007233	0.9
490	-0.813999	179.135649	6.392769	0.008667	1.0
491	-0.777102	178.985381	6.397573	0.007061	1.0
492	-0.829958	178.906207	6.400106	0.007251	1.1
493	-0.795370	178.755957	6.404920	0.006568	1.0
494	-0.805845	178.605690	6.409742	0.006746	0.9
495	-0.784527	178.487380	6.413544	0.008473	0.8
496	-0.810805	179.481751	6.381733	0.005211	1.6
497	-0.799952	180.481714	6.350060	0.009683	1.0
498	-0.787000	181.481298	6.318712	0.011983	0.8
499	-0.796662	182.481298	6.287659	0.009774	1.9
500	-0.787980	183.481297	6.256910	0.009298	1.0
501	-0.781820	183.331028	6.261511	0.005779	0.9
502	-0.785127	183.180760	6.266119	0.008057	1.1
503	-0.766887	183.030493	6.270734	0.005835	1.3
504	-0.791838	183.446218	6.257983	0.011254	0.8
505	-0.799203	184.431277	6.227976	0.008906	1.2
506	-0.772807	184.281008	6.232535	0.006456	0.9
507	-0.832441	184.130743	6.237100	0.008090	0.9
508	-0.788436	185.130720	6.206843	0.008485	1.3
509	-0.774243	184.980451	6.211371	0.011900	1.0
510	-0.746957	184.830189	6.215906	0.006645	0.8
511	-0.795743	184.759222	6.218049	0.008302	1.7
512	-0.794900	184.756133	6.218143	0.005454	0.9
513	-0.781869	185.755560	6.188085	0.006330	0.8
514	-0.829343	186.750711	6.158443	0.008176	2.1
515	-0.803796	186.946611	6.152642	0.008156	0.9
516	-0.811324	186.819760	6.156397	0.006355	1.0
517	-0.812106	187.819454	6.126924	0.007673	1.2
518	-0.785256	187.669193	6.131336	0.006445	1.0
519	-0.784104	187.518925	6.135755	0.007144	0.8
520	-0.802532	187.374543	6.140006	0.007485	1.6
521	-0.796842	187.224275	6.144437	0.009921	1.0
522	-0.795984	188.224272	6.115070	0.008407	0.8
523	-0.781879	188.074004	6.119465	0.010681	1.2
524	-0.801620	189.074004	6.090335	0.013091	1.6
525	-0.796073	190.074004	6.061481	0.007530	0.8
526	-0.770651	189.923736	6.065799	0.007940	0.9
527	-0.788730	190.911454	6.037526	0.008459	1.0
528	-0.812272	191.911447	6.009170	0.004143	0.9
529	-0.797113	191.761385	6.013408	0.008416	1.1
530	-0.799456	192.701788	5.986946	0.007741	0.9
531	-0.811843	193.701750	5.959062	0.006331	1.1
532	-0.778625	193.551511	5.963235	0.007964	1.2
533	-0.774007	194.550598	5.935595	0.007050	0.9
534	-0.763625	195.550597	5.908185	0.007697	0.9
535	-0.736534	195.438495	5.911245	0.004711	1.4
536	-0.791107	196.431241	5.884256	0.007488	0.9
537	-0.769412	196.282108	5.888294	0.009090	1.1
538	-0.786318	196.131841	5.892369	0.006113	1.2
539	-0.812340	196.722486	5.876384	0.007346	1.0
540	-0.763518	196.585306	5.880089	0.014233	0.8
541	-0.781839	196.435040	5.884153	0.006153	1.7
542	-0.779857	197.434987	5.857216	0.004570	1.1
543	-0.763591	197.284731	5.861248	0.007395	0.8
544	-0.767110	198.141197	5.838341	0.011596	1.6
545	-0.746465	197.990928	5.842347	0.007535	1.1
546	-0.759434	197.840661	5.846359	0.007970	0.8
547	-0.792670	197.690392	5.850376	0.007004	1.1
548	-0.835256	197.547550	5.854200	0.008962	1.4
549	-0.780347	198.547549	5.827535	0.007421	0.8
550	-0.773083	198.397282	5.831526	0.007394	0.9
551	-0.804902	199.397281	5.805067	0.010425	1.0
552	-0.813935	200.349281	5.780100	0.005675	1.1
553	-0.779365	201.257830	5.756472	0.011589	0.9
554	-0.818088	201.482187	5.750667	0.008951	1.0
555	-0.765675	202.482187	5.724935	0.005981	1.0
556	-0.806221	202.332422	5.728774	0.008231	0.8
557	-0.766175	202.182326	5.732627	0.007465	1.7
558	-0.797507	202.032111	5.736488	0.010662	1.0
559	-0.778572	201.886104	5.740246	0.008353	0.8
560	-0.817016	202.886104	5.714607	0.009680	1.8
561	-0.786608	202.736091	5.718438	0.008324	1.0
562	-0.783071	203.735625	5.693005	0.005730	0.8
563	-0.781134	204.733729	5.667833	0.007455	1.7
564	-0.803993	204.584196	5.671590	0.008343	0.8
565	-0.791533	205.584087	5.646562	0.008846	1.6
566	-0.784069	205.433821	5.650309	0.007212	1.0
567	-0.757379	205.721534	5.643138	0.011094	0.9
568	-0.819973	205.655903	5.644773	0.005522	1.1
569	-0.785433	205.631275	5.645386	0.011142	1.0
570	-0.773302	205.481010	5.649132	0.008066	0.8
571	-0.760951	205.330742	5.652882	0.011252	1.3
572	-0.768012	206.330742	5.628016	0.005759	1.0
573	-0.749631	206.180649	5.631734	0.010113	0.8
574	-0.777693	207.180648	5.607053	0.009834	1.6
575	-0.779952	208.180648	5.582587	0.008134	1.0
576	-0.774914	208.030384	5.586250	0.009810	0.9
577	-0.814419	209.030384	5.561965	0.009200	1.1
578	-0.804548	208.935087	5.564270	0.006311	1.1
579	-0.774561	209.935070	5.540176	0.008794	0.9
580	-0.769714	209.787654	5.543715	0.008823	1.3
581	-0.790710	210.720503	5.521398	0.008594	1.0
582	-0.746880	211.720503	5.497672	0.004790	1.0
583	-0.797207	212.720414	5.474152	0.007493	1.2
584	-0.788693	213.080458	5.465732	0.007671	0.9
585	-0.754247	213.008845	5.467404	0.009516	1.1
586	-0.803155	214.008720	5.444143	0.009088	1.3
587	-0.806544	215.008489	5.421080	0.010122	0.9
588	-0.750395	216.008489	5.398208	0.009790	1.1
589	-0.800798	215.858221	5.401632	0.010879	1.6
590	-0.789160	215.707973	5.405061	0.007137	0.9
591	-0.793647	216.707726	5.382328	0.007938	0.9
592	-0.761446	217.707720	5.359781	0.010268	1.2
593	-0.802756	218.401079	5.344257	0.006781	1.1
594	-0.780992	218.250826	5.347614	0.006012	0.8
595	-0.790024	218.100742	5.350970	0.009225	1.5
596	-0.775160	219.095902	5.328792	0.008175	0.8
597	-0.835975	218.947489	5.332088	0.008123	1.4
598	-0.781776	219.947330	5.309961	0.004736	0.9
599	-0.800255	220.332709	5.301482	0.009147	1.4
600	-0.749755	220.377891	5.300490	0.010082	1.4
601	-0.779773	221.377891	5.278621	0.004100	0.9
602	-0.816998	221.227630	5.281895	0.008008	1.3
603	-0.777393	221.078732	5.285144	0.010624	1.2
604	-0.786019	220.941948	5.288132	0.007454	0.9
605	-0.749638	220.791680	5.291419	0.007096	1.8
606	-0.798425	221.791319	5.269632	0.006827	1.0
607	-0.754184	222.210262	5.260555	0.005228	0.9
608	-0.756985	222.816545	5.247474	0.010160	1.1
609	-0.787957	222.666288	5.250710	0.007443	1.4
610	-0.788150	223.666204	5.229251	0.004785	0.8
611	-0.787699	223.703609	5.228452	0.007507	1.4
612	-0.808476	223.556138	5.231605	0.009986	0.9
613	-0.774683	224.555777	5.210307	0.007684	0.9
614	-0.761378	224.405509	5.213498	0.009740	0.9
615	-0.813274	225.337144	5.193780	0.007404	1.5
616	-0.774154	225.187524	5.196937	0.010228	1.0
617	-0.785842	226.186963	5.175924	0.008162	0.9
618	-0.780090	227.186963	5.155069	0.010197	1.9
619	-0.786204	227.036696	5.158192	0.007565	1.1
620	-0.781801	226.886428	5.161319	0.011814	0.8
621	-0.807043	227.886428	5.140582	0.009422	1.0
622	-0.771281	227.752934	5.143340	0.004846	1.7
623	-0.780100	227.937406	5.139529	0.010685	0.8
624	-0.812391	228.075327	5.136683	0.007283	1.0
625	-0.783336	229.075326	5.116143	0.006130	1.0
626	-0.768189	228.925071	5.119218	0.003937	1.0
627	-0.810423	228.831601	5.121134	0.009401	1.0
628	-0.786745	229.780963	5.101747	0.006328	1.0
629	-0.828980	230.225994	5.092710	0.006492	1.3
630	-0.765921	230.075726	5.095757	0.004775	0.9
631	-0.802856	231.027441	5.076515	0.002707	1.4
632	-0.772429	230.877899	5.079529	0.007445	0.9
633	-0.777204	230.731835	5.082476	0.007063	1.0
634	-0.811369	231.731824	5.062366	0.007730	1.1
635	-0.817353	232.730869	5.042433	0.006514	1.0
636	-0.767970	232.580644	5.045421	0.008855	0.9
637	-0.779586	233.545782	5.026290	0.007742	1.8
638	-0.811143	234.543715	5.006662	0.005730	1.0
639	-0.785287	234.393447	5.009608	0.005204	0.8
640	-0.791834	235.061308	4.996542	0.008192	1.9
641	-0.765128	234.911169	4.999473	0.008615	1.0
642	-0.774967	234.760900	5.002410	0.007051	0.8
643	-0.766669	235.760900	4.982928	0.006612	1.5
644	-0.808723	235.673855	4.984618	0.007493	0.8
645	-0.753808	236.673832	4.965273	0.006229	1.6
646	-0.820146	236.523576	4.968170	0.007404	1.1
647	-0.798899	236.373308	4.971071	0.006373	0.9
648	-0.773593	236.223039	4.973975	0.004887	1.2
649	-0.785702	236.074471	4.976850	0.009469	1.1
650	-0.826328	237.073741	4.957579	0.011002	0.9
651	-0.798813	236.923473	4.960468	0.008028	1.1
652	-0.812951	236.805317	4.962741	0.006617	1.1
653	-0.747045	237.484208	4.949707	0.006808	0.8
654	-0.781947	238.484180	4.930632	0.007640	1.6
655	-0.804397	238.681992	4.926876	0.007655	0.9
656	-0.817261	238.922425	4.922319	0.005427	0.9
657	-0.821688	239.902427	4.903829	0.016717	0.8
658	-0.788319	240.804117	4.886940	0.010776	1.8
659	-0.765868	241.804117	4.868345	0.007687	0.9
660	-0.802263	241.653849	4.871130	0.006585	0.9
661	-0.783129	241.504915	4.873894	0.009214	0.9
662	-0.743145	241.358586	4.876612	0.007304	0.9
663	-0.756955	242.354474	4.858171	0.006175	1.6
664	-0.789898	242.204214	4.860944	0.007629	0.8
665	-0.795415	242.054603	4.863709	0.004742	1.1
666	-0.792251	241.908228	4.866417	0.007457	1.6
667	-0.776755	242.866005	4.848753	0.009036	0.8
668	-0.802366	243.626850	4.834812	0.009275	1.5
669	-0.803425	243.514384	4.836867	0.008052	1.0
670	-0.805697	243.364115	4.839617	0.006469	0.9
671	-0.785122	243.213847	4.842369	0.007845	1.0
672	-0.788450	244.212809	4.824130	0.008884	1.4
673	-0.773362	244.062541	4.826865	0.013829	1.1
674	-0.815360	243.912274	4.829603	0.006393	0.8
675	-0.780347	243.762006	4.832344	0.007869	1.4
676	-0.779717	244.762006	4.814161	0.008021	0.9
677	-0.786481	245.278145	4.804829	0.003976	0.9
678	-0.784652	246.268477	4.787025	0.005986	1.1
679	-0.772698	246.118212	4.789718	0.007824	1.2
680	-0.801538	247.060160	4.772888	0.007512	0.8
681	-0.811750	248.060054	4.755150	0.010131	1.7
682	-0.795016	249.057265	4.737592	0.009063	0.9
683	-0.809137	248.907647	4.740218	0.010045	1.1
684	-0.809595	249.907647	4.722720	0.011150	1.1
685	-0.764433	249.757379	4.725341	0.010082	1.0
686	-0.804823	250.757379	4.707953	0.005340	1.1
687	-0.784296	250.607111	4.710558	0.011422	1.2
688	-0.787863	250.456843	4.713165	0.008845	1.1
689	-0.782411	251.456843	4.695867	0.008732	1.1
690	-0.805263	251.380778	4.697178	0.006364	1.2
691	-0.778081	251.230724	4.699767	0.003601	1.0
692	-0.781535	251.116857	4.701734	0.008894	0.8
693	-0.790709	251.647171	4.692589	0.006111	1.9
694	-0.788644	251.517618	4.694819	0.008822	1.2
695	-0.747655	251.370184	4.697361	0.006382	0.8
696	-0.777622	251.219967	4.699953	0.005263	1.0
697	-0.779988	252.218534	4.682775	0.012157	1.0
698	-0.784687	253.218534	4.665699	0.010561	1.1
699	-0.781031	254.218534	4.648746	0.003709	1.1
700	-0.794433	255.218333	4.631919	0.005280	1.2
701	-0.783804	255.727880	4.623390	0.006659	0.9
702	-0.759298	256.727582	4.606748	0.008394	0.8
703	-0.787707	256.765739	4.606115	0.011976	1.7
704	-0.782763	256.615471	4.608608	0.007087	1.0
705	-0.789268	257.615471	4.592067	0.009801	0.8
706	-0.796939	258.615466	4.575645	0.007952	1.3
707	-0.794069	259.615400	4.559340	0.006710	1.4
708	-0.816545	259.494972	4.561297	0.010450	0.8
709	-0.774309	260.494943	4.545094	0.006458	1.0
710	-0.792531	261.494846	4.529007	0.008752	1.1
711	-0.798202	262.469236	4.513439	0.005135	1.0
712	-0.752443	263.469047	4.497575	0.007251	0.9
713	-0.771987	263.319042	4.499948	0.005957	2.3
714	-0.785314	264.129216	4.487162	0.012375	0.9
715	-0.772291	263.978947	4.489528	0.009622	1.4
716	-0.786299	263.828679	4.491897	0.008903	1.0
717	-0.781454	264.828679	4.476181	0.011123	1.0
718	-0.781801	264.678411	4.478536	0.009485	1.1
719	-0.776188	264.528143	4.480893	0.007989	1.1
720	-0.784464	265.528143	4.465254	0.006323	1.0
721	-0.818049	265.379040	4.467579	0.012773	1.4
722	-0.793243	266.379039	4.452033	0.003755	1.0
723	-0.737036	267.371724	4.436708	0.006747	0.8
724	-0.769898	267.845109	4.429436	0.010317	1.9
725	-0.807270	267.694977	4.431740	0.005938	1.1
726	-0.774194	268.694977	4.416442	0.007292	0.9
727	-0.841692	269.693048	4.401278	0.005492	1.2
728	-0.809087	270.557933	4.388222	0.015955	1.1
729	-0.768984	270.407665	4.390485	0.008797	0.9
730	-0.746004	271.397886	4.375616	0.009035	1.0
731	-0.818624	272.396289	4.360727	0.008461	1.4
732	-0.789010	273.396281	4.345914	0.006385	1.0
733	-0.810998	274.396280	4.331202	0.008182	0.8
734	-0.733176	274.310592	4.332459	0.007829	1.4
735	-0.783900	274.809649	4.325150	0.008738	1.0
736	-0.772187	274.728445	4.326337	0.006749	0.8
737	-0.756262	275.728368	4.311758	0.010766	1.2
738	-0.804836	276.723813	4.297342	0.009944	1.5
739	-0.785631	277.046484	4.292689	0.006822	0.9
740	-0.827629	276.896216	4.294855	0.009125	1.7
741	-0.773630	277.837281	4.281330	0.006520	0.9
742	-0.770559	278.827516	4.267190	0.005763	1.3
743	-0.802744	278.742064	4.268407	0.008466	1.2
744	-0.808241	278.874402	4.266523	0.006743	0.9
745	-0.814608	279.691080	4.254935	0.008062	0.8
746	-0.778089	279.540812	4.257062	0.005277	1.3
747	-0.776857	279.390652	4.259190	0.008164	1.1
748	-0.781913	279.240569	4.261320	0.009318	0.9
749	-0.802633	279.090346	4.263453	0.007262	1.4
750	-0.749381	278.940078	4.265589	0.008373	0.9
751	-0.787506	278.789810	4.267727	0.009481	1.1
752	-0.792086	278.639541	4.269867	0.004491	1.8
753	-0.759398	278.839962	4.267013	0.009391	1.2
754	-0.803793	279.839466	4.252836	0.010282	0.9
755	-0.799699	280.839466	4.238747	0.009367	1.9
756	-0.790129	280.689197	4.240858	0.007628	1.0
757	-0.804767	281.689197	4.226847	0.005630	1.1
758	-0.803729	282.688936	4.212933	0.009235	1.5
759	-0.772254	282.538961	4.215014	0.013464	0.8
760	-0.763673	283.538961	4.201173	0.009640	1.3
761	-0.795775	284.538960	4.187423	0.005412	1.1
762	-0.786418	284.388692	4.189484	0.008191	0.8
763	-0.786392	284.238438	4.191546	0.006974	1.2
764	-0.820619	284.088180	4.193611	0.010604	1.4
765	-0.815638	284.031563	4.194389	0.008475	1.0
766	-0.780365	283.881347	4.196456	0.006049	1.2
767	-0.755540	283.750774	4.198254	0.005330	1.2
768	-0.784349	283.680793	4.199218	0.009169	1.1
769	-0.814166	284.064359	4.193938	0.006599	0.9
770	-0.779692	283.915345	4.195988	0.008185	1.6
771	-0.806670	283.765077	4.198056	0.011116	1.2
772	-0.778064	283.614815	4.200127	0.004295	0.8
773	-0.799488	284.614801	4.186384	0.006850	1.8
774	-0.796255	285.614237	4.172738	0.008718	1.1
775	-0.781108	286.614024	4.159176	0.005419	0.8
776	-0.773880	287.425288	4.148236	0.008268	1.2
777	-0.822933	288.425221	4.134831	0.005383	1.6
778	-0.801158	288.274952	4.136840	0.005444	0.9
779	-0.789143	288.166132	4.138296	0.008913	1.2
780	-0.744281	288.026377	4.140168	0.005079	1.0
781	-0.805199	287.876125	4.142182	0.007191	1.0
782	-0.756855	287.730547	4.144135	0.008053	0.8
783	-0.775613	288.370567	4.135562	0.007521	1.9
784	-0.798390	289.370448	4.122239	0.009764	1.0
785	-0.770159	289.993800	4.113976	0.005330	0.8
786	-0.787096	290.009194	4.113772	0.005303	1.7
787	-0.770501	290.947022	4.101405	0.007957	0.8
788	-0.794787	290.796834	4.103380	0.007479	1.0
789	-0.824139	291.796514	4.090266	0.008401	1.1
790	-0.817165	292.079736	4.086566	0.005007	1.1
791	-0.801128	293.079734	4.073555	0.008260	1.3
792	-0.764935	292.934593	4.075438	0.007144	1.1
793	-0.798697	292.784324	4.077390	0.010106	1.0
794	-0.797614	292.643707	4.079218	0.006440	1.7
795	-0.746925	292.533626	4.080650	0.009990	1.2
796	-0.791102	292.383359	4.082607	0.005793	0.9
797	-0.788358	292.233091	4.084565	0.006721	1.1
798	-0.800629	292.082837	4.086526	0.008270	1.3
799	-0.785336	293.080561	4.073544	0.008247	0.8
800	-0.778843	294.076887	4.060663	0.008828	0.8
801	-0.749286	293.926619	4.062600	0.009818	1.0
802	-0.758441	294.926619	4.049741	0.006410	1.9
803	-0.767951	295.911916	4.037150	0.010451	1.1
804	-0.790666	295.761647	4.039065	0.009214	1.5
805	-0.750885	295.611379	4.040982	0.005649	1.2
806	-0.762059	295.461114	4.042901	0.006753	0.9
807	-0.767942	296.461044	4.030167	0.006989	1.8
808	-0.781677	296.354398	4.031521	0.006412	1.1
809	-0.755173	297.349459	4.018920	0.006834	0.8
810	-0.775277	297.201573	4.020788	0.008354	1.4
811	-0.793681	298.126071	4.009140	0.004680	0.9
812	-0.789853	299.125969	3.996617	0.007040	0.9
813	-0.772708	298.987337	3.998349	0.007061	0.9
814	-0.815613	299.927437	3.986636	0.008622	1.5
815	-0.789405	299.777362	3.988502	0.007484	1.0
816	-0.795103	300.774984	3.976136	0.011887	1.3
817	-0.803561	300.624715	3.977993	0.008158	1.9
818	-0.769439	301.624715	3.965663	0.005139	0.8
819	-0.795202	301.474711	3.967508	0.008255	1.6
820	-0.758228	302.470396	3.955296	0.010079	1.2
821	-0.779073	302.344721	3.956833	0.004554	0.8
822	-0.772975	302.200810	3.958595	0.006732	1.5
823	-0.787003	303.050032	3.948221	0.006854	0.8
824	-0.803834	303.583931	3.941726	0.006697	1.1
825	-0.787867	304.361070	3.932311	0.008568	1.2
826	-0.793489	305.361069	3.920262	0.007548	1.1
827	-0.805845	306.360978	3.908288	0.006334	1.3
828	-0.799683	306.210709	3.910083	0.006804	1.0
829	-0.785223	307.171018	3.898641	0.007183	1.1
830	-0.807202	307.229752	3.897943	0.011258	1.4
831	-0.765269	308.229752	3.886104	0.007955	1.0
832	-0.805408	309.229752	3.874336	0.008891	1.1
833	-0.766251	309.079750	3.876097	0.006508	1.0
834	-0.782967	308.932693	3.877824	0.009082	1.1
835	-0.781455	308.783371	3.879580	0.010052	1.1
836	-0.789848	309.783371	3.867852	0.006246	0.8
837	-0.836490	310.783026	3.856198	0.010238	1.9
838	-0.771462	310.632758	3.857945	0.007396	0.9
839	-0.763245	310.482489	3.859694	0.007985	0.9
840	-0.802105	310.717578	3.856959	0.009971	2.0
841	-0.806602	310.567310	3.858707	0.010449	1.1
842	-0.770033	311.567310	3.847104	0.006547	2.1
843	-0.751391	311.417043	3.848843	0.009622	1.2
844	-0.800630	311.266787	3.850584	0.008689	1.0
845	-0.790870	311.116519	3.852326	0.005640	1.9
846	-0.752488	310.967092	3.854060	0.007166	1.0
847	-0.778811	310.818195	3.855789	0.006292	0.9
848	-0.802263	310.667927	3.857536	0.008166	2.1
849	-0.780069	310.517666	3.859285	0.007889	0.9
850	-0.785517	311.517644	3.847679	0.010694	1.4
851	-0.799246	311.367376	3.849418	0.008744	1.3
852	-0.807550	311.217107	3.851159	0.008733	1.0
853	-0.804978	311.066839	3.852902	0.007360	2.2
854	-0.762937	310.916571	3.854646	0.008320	1.0
855	-0.724170	310.766303	3.856392	0.005431	1.0
856	-0.788239	310.634587	3.857924	0.005835	2.2
857	-0.800640	310.507651	3.859401	0.005436	0.8
858	-0.795981	310.390900	3.860761	0.014416	1.0
859	-0.776541	310.240632	3.862512	0.007665	1.0
860	-0.777267	311.240579	3.850887	0.006170	0.9
861	-0.782075	311.661425	3.846016	0.007573	1.2
862	-0.797408	311.791736	3.844510	0.007660	0.9
863	-0.784647	311.641471	3.846246	0.009004	1.6
864	-0.760812	312.641369	3.834719	0.006407	0.9
865	-0.772187	312.491101	3.836447	0.008909	1.9
866	-0.804706	312.340836	3.838177	0.008445	1.1
867	-0.789653	313.340836	3.826697	0.008322	0.9
868	-0.781809	314.340836	3.815285	0.006206	2.0
869	-0.789601	314.190577	3.816996	0.007792	1.0
870	-0.807349	314.102322	3.818001	0.009766	0.8
871	-0.801759	315.102322	3.806641	0.006729	0.9
872	-0.766892	316.102321	3.795349	0.009007	2.0
873	-0.777712	317.097776	3.784175	0.004417	1.1
874	-0.775054	316.948358	3.785848	0.009125	0.8
875	-0.800857	316.801184	3.787497	0.006476	1.0
876	-0.766346	316.654356	3.789144	0.012007	1.5
877	-0.783965	317.654312	3.777956	0.007327	0.8
878	-0.796630	317.622642	3.778309	0.008613	1.1
879	-0.771268	318.622232	3.767189	0.007996	1.5
880	-0.788049	319.621661	3.756135	0.008152	0.8
881	-0.771276	320.506605	3.746402	0.005424	0.9
882	-0.751996	320.921184	3.741859	0.007137	1.1
883	-0.798819	320.772115	3.743492	0.008253	1.2
884	-0.757547	321.746395	3.732850	0.005576	0.8
885	-0.786184	321.596127	3.734488	0.007042	1.6
886	-0.758846	321.576116	3.734706	0.007309	0.8
887	-0.811462	321.425848	3.736345	0.007345	0.9
888	-0.807420	321.351987	3.737151	0.007275	1.0
889	-0.818855	321.351785	3.737153	0.010698	0.9
890	-0.763466	321.201602	3.738793	0.010513	1.8
891	-0.745506	322.196866	3.727951	0.010191	0.9
892	-0.813587	322.046918	3.729580	0.010400	1.0
893	-0.761430	321.896663	3.731215	0.005034	1.5
894	-0.788876	321.767941	3.732616	0.007732	0.8
895	-0.802966	321.617674	3.734253	0.006643	0.9
896	-0.799408	321.467437	3.735891	0.003879	0.9
897	-0.823218	321.321709	3.737481	0.007499	1.3
898	-0.779234	321.628646	3.734133	0.009060	0.8
899	-0.808338	321.495626	3.735584	0.011518	1.1
900	-0.755590	321.345382	3.737223	0.008432	1.1
901	-0.806723	322.345382	3.726338	0.008936	1.0
902	-0.762393	323.345126	3.715519	0.010691	1.0
903	-0.756820	323.195717	3.717132	0.012023	1.3
904	-0.792154	323.045713	3.718753	0.010823	0.9
905	-0.805433	322.909365	3.720227	0.005620	0.9
906	-0.772115	323.906022	3.709477	0.005785	1.2
907	-0.765652	323.787130	3.710756	0.006008	1.0
908	-0.792552	323.638121	3.712361	0.007512	0.9
909	-0.796323	324.531702	3.702760	0.006033	1.0
910	-0.777655	324.381467	3.704371	0.006358	0.8
911	-0.823903	324.231199	3.705983	0.007493	1.9
912	-0.770450	325.227834	3.695315	0.007137	1.0
913	-0.755576	326.225839	3.684694	0.006827	0.9
914	-0.785958	327.176518	3.674633	0.008113	1.3
915	-0.757591	328.174759	3.664128	0.004170	1.2
916	-0.760204	328.024491	3.665706	0.004666	0.8
917	-0.779288	329.008409	3.655401	0.008658	1.3
918	-0.732980	330.008407	3.644987	0.007367	1.5
919	-0.775786	331.008389	3.634632	0.006716	0.8
920	-0.786473	331.977081	3.624657	0.010450	1.0
921	-0.783369	332.310117	3.621241	0.009838	1.0
922	-0.754833	332.159849	3.622782	0.007833	0.8
923	-0.773220	332.009581	3.624324	0.010414	1.5
924	-0.796741	331.859342	3.625867	0.009948	0.8
925	-0.799556	331.709135	3.627411	0.005728	1.6
926	-0.793304	332.386313	3.620460	0.007939	0.9
927	-0.778560	332.236194	3.621999	0.007991	0.9
928	-0.767683	332.085926	3.623540	0.012781	0.8
929	-0.806298	331.935658	3.625083	0.005297	1.3
930	-0.789508	331.785596	3.626625	0.009163	1.5
931	-0.770609	331.809381	3.626380	0.009365	0.8
932	-0.802613	331.668802	3.627826	0.006861	1.1
933	-0.778479	332.668774	3.617568	0.009100	1.6
934	-0.794274	333.664884	3.607408	0.006400	0.8
935	-0.810227	334.664257	3.597272	0.011936	0.8
936	-0.811199	334.514599	3.598786	0.007845	0.8
937	-0.808277	334.364331	3.600308	0.008530	2.0
938	-0.791032	334.214223	3.601829	0.008957	0.9
939	-0.780762	334.074337	3.603248	0.009413	0.9
940	-0.751890	335.074337	3.593129	0.007016	1.1
941	-0.803514	334.924565	3.594641	0.008157	1.1
942	-0.820535	335.924560	3.584570	0.008330	0.8
943	-0.764401	335.774292	3.586080	0.011213	1.4
944	-0.793405	335.624030	3.587591	0.007341	1.1
945	-0.744431	336.624030	3.577559	0.009754	1.0
946	-0.756263	336.483376	3.578966	0.006077	1.7
947	-0.772043	337.483360	3.568983	0.005840	0.9
948	-0.780619	338.392941	3.559950	0.007695	1.1
949	-0.779355	338.243093	3.561435	0.009557	1.1
950	-0.803053	338.092825	3.562926	0.009806	1.0
951	-0.798682	337.942556	3.564417	0.006862	0.8
952	-0.810249	337.795108	3.565882	0.008603	1.6
953	-0.777289	338.795108	3.555971	0.005272	1.2
954	-0.802278	339.794661	3.546120	0.008825	0.8
955	-0.801088	339.676208	3.547284	0.010198	1.2
956	-0.823627	340.660728	3.537628	0.006582	1.0
957	-0.784716	341.634695	3.528126	0.008644	1.0
958	-0.810854	341.484427	3.529589	0.011215	1.3
959	-0.832330	341.337094	3.531024	0.007037	1.3
960	-0.778564	341.186826	3.532489	0.007642	0.9
961	-0.789599	341.959522	3.524969	0.009979	1.0
962	-0.760086	342.959522	3.515284	0.008934	1.2
963	-0.791503	342.876395	3.516087	0.007302	1.0
964	-0.773908	343.876394	3.506450	0.008049	0.8
965	-0.785577	343.726127	3.507895	0.007134	1.8
966	-0.775985	344.726115	3.498304	0.011379	1.0
967	-0.789644	345.724658	3.488778	0.008172	0.8
968	-0.788500	346.724658	3.479291	0.006024	1.6
969	-0.750041	346.824062	3.478351	0.007792	0.9
970	-0.794657	346.750081	3.479050	0.007146	1.2
971	-0.754203	346.599813	3.480472	0.007750	1.2
972	-0.783003	347.599812	3.471030	0.007116	0.9
973	-0.786780	348.548466	3.462120	0.007548	1.1
974	-0.791747	348.398345	3.463527	0.010861	1.0
975	-0.755558	349.398345	3.454176	0.008679	1.3
976	-0.782640	349.248076	3.455578	0.007381	1.0
977	-0.791211	349.099543	3.456965	0.006636	0.9
978	-0.767628	348.949323	3.458368	0.008075	1.9
979	-0.802012	348.801575	3.459750	0.007688	1.0
980	-0.817737	349.801564	3.450420	0.007811	1.0
981	-0.790367	350.801564	3.441139	0.012882	1.2
982	-0.789096	351.801564	3.431909	0.006685	0.9
983	-0.774578	352.796533	3.422774	0.007704	1.2
984	-0.793827	353.319732	3.417990	0.009603	0.9
985	-0.823739	353.169786	3.419359	0.013168	1.0
986	-0.807628	354.169786	3.410245	0.006745	1.0
987	-0.791771	355.124670	3.401588	0.008744	0.9
988	-0.761390	356.124669	3.392568	0.009975	1.6
989	-0.780580	357.124535	3.383597	0.006759	0.8
990	-0.773179	356.974267	3.384942	0.011349	1.5
991	-0.774269	356.823999	3.386288	0.007272	0.8
992	-0.747259	357.816514	3.377416	0.009474	1.6
993	-0.773213	357.666264	3.378756	0.007409	1.1
994	-0.800452	358.661758	3.369897	0.003817	0.8
995	-0.783437	358.511814	3.371228	0.008319	1.7
996	-0.767461	359.504644	3.362432	0.007942	0.8
997	-0.772721	360.497681	3.353680	0.009185	1.5
998	-0.812148	360.347894	3.354997	0.005757	1.1
999	-0.793402	361.346075	3.346238	0.010124	0.8
